 -0.1830E+00  0.0000E+00  0.0000E+00  0.0000E+00  0.0000E+00
 -0.1745E+00  0.5475E+01  0.5567E+01  0.5496E+01  0.5520E+01
 -0.1645E+00  0.5498E+01  0.5587E+01  0.5513E+01  0.5537E+01
 -0.1545E+00  0.5532E+01  0.5616E+01  0.5537E+01  0.5562E+01
 -0.1445E+00  0.5573E+01  0.5649E+01  0.5565E+01  0.5595E+01
 -0.1345E+00  0.5619E+01  0.5688E+01  0.5599E+01  0.5625E+01
 -0.1245E+00  0.5674E+01  0.5729E+01  0.5634E+01  0.5664E+01
 -0.1145E+00  0.5728E+01  0.5774E+01  0.5672E+01  0.5704E+01
 -0.1051E+00  0.5790E+01  0.5823E+01  0.5710E+01  0.5747E+01
 -0.1001E+00  0.5831E+01  0.5845E+01  0.5734E+01  0.5771E+01
 -0.9195E-01  0.5908E+01  0.5894E+01  0.5773E+01  0.5812E+01
 -0.8215E-01  0.6026E+01  0.5960E+01  0.5828E+01  0.5871E+01
 -0.7215E-01  0.6178E+01  0.6024E+01  0.5884E+01  0.5933E+01
 -0.6215E-01  0.6379E+01  0.6073E+01  0.5931E+01  0.5979E+01
 -0.5215E-01  0.6677E+01  0.6117E+01  0.5978E+01  0.6025E+01
 -0.4215E-01  0.7076E+01  0.6157E+01  0.6023E+01  0.6068E+01
 -0.3215E-01  0.7644E+01  0.6248E+01  0.6107E+01  0.6157E+01
 -0.2259E-01  0.8489E+01  0.6389E+01  0.6234E+01  0.6294E+01
 -0.1616E-01  0.9219E+01  0.6515E+01  0.6353E+01  0.6419E+01
 -0.1180E-01  0.9672E+01  0.6628E+01  0.6458E+01  0.6530E+01
 -0.8600E-02  0.9938E+01  0.6722E+01  0.6552E+01  0.6631E+01
 -0.6351E-02  0.1007E+02  0.6808E+01  0.6634E+01  0.6718E+01
 -0.4796E-02  0.1014E+02  0.6875E+01  0.6700E+01  0.6789E+01
 -0.4581E-02  0.1015E+02  0.6885E+01  0.6711E+01  0.6803E+01
 -0.3579E-02  0.1019E+02  0.6935E+01  0.6761E+01  0.6856E+01
 -0.2761E-02  0.1024E+02  0.6973E+01  0.6801E+01  0.6901E+01
 -0.2116E-02  0.1030E+02  0.7004E+01  0.6834E+01  0.6936E+01
 -0.1624E-02  0.1037E+02  0.7026E+01  0.6864E+01  0.6969E+01
 -0.1247E-02  0.1042E+02  0.7050E+01  0.6887E+01  0.6991E+01
 -0.9592E-03  0.1047E+02  0.7065E+01  0.6905E+01  0.7013E+01
 -0.7400E-03  0.1051E+02  0.7076E+01  0.6918E+01  0.7029E+01
 -0.5714E-03  0.1055E+02  0.7085E+01  0.6930E+01  0.7042E+01
 -0.4497E-03  0.1057E+02  0.7093E+01  0.6942E+01  0.7051E+01
 -0.3525E-03  0.1059E+02  0.7100E+01  0.6947E+01  0.7058E+01
 -0.2897E-03  0.1060E+02  0.7107E+01  0.6953E+01  0.7065E+01
 -0.2561E-03  0.1061E+02  0.7108E+01  0.6954E+01  0.7070E+01
 -0.2217E-03  0.1062E+02  0.7109E+01  0.6959E+01  0.7072E+01
 -0.1848E-03  0.1062E+02  0.7111E+01  0.6961E+01  0.7073E+01
 -0.1463E-03  0.1063E+02  0.7116E+01  0.6963E+01  0.7078E+01
 -0.1115E-03  0.1064E+02  0.7118E+01  0.6968E+01  0.7080E+01
 -0.6956E-04  0.1065E+02  0.7119E+01  0.6969E+01  0.7086E+01
 -0.2772E-04  0.1066E+02  0.7125E+01  0.6975E+01  0.7088E+01
  0.1302E-04  0.1067E+02  0.7126E+01  0.6977E+01  0.7091E+01
  0.4918E-04  0.1067E+02  0.7131E+01  0.6978E+01  0.7096E+01
  0.7841E-04  0.1068E+02  0.7129E+01  0.6982E+01  0.7096E+01
  0.1029E-03  0.1068E+02  0.7129E+01  0.6985E+01  0.7100E+01
  0.1246E-03  0.1069E+02  0.7136E+01  0.6984E+01  0.7100E+01
  0.1446E-03  0.1069E+02  0.7133E+01  0.6988E+01  0.7104E+01
  0.1637E-03  0.1069E+02  0.7134E+01  0.6988E+01  0.7102E+01
  0.1815E-03  0.1070E+02  0.7139E+01  0.6991E+01  0.7106E+01
  0.1991E-03  0.1070E+02  0.7139E+01  0.6991E+01  0.7107E+01
  0.2181E-03  0.1071E+02  0.7137E+01  0.6995E+01  0.7110E+01
  0.2388E-03  0.1071E+02  0.7142E+01  0.6993E+01  0.7110E+01
  0.2597E-03  0.1072E+02  0.7142E+01  0.6994E+01  0.7114E+01
  0.2827E-03  0.1072E+02  0.7142E+01  0.6999E+01  0.7114E+01
  0.3096E-03  0.1072E+02  0.7145E+01  0.7000E+01  0.7118E+01
  0.3407E-03  0.1073E+02  0.7147E+01  0.7001E+01  0.7120E+01
  0.3777E-03  0.1074E+02  0.7150E+01  0.7006E+01  0.7123E+01
  0.4245E-03  0.1075E+02  0.7150E+01  0.7009E+01  0.7129E+01
  0.4889E-03  0.1076E+02  0.7155E+01  0.7013E+01  0.7133E+01
  0.5812E-03  0.1078E+02  0.7164E+01  0.7020E+01  0.7140E+01
  0.6999E-03  0.1080E+02  0.7168E+01  0.7028E+01  0.7149E+01
  0.8741E-03  0.1083E+02  0.7179E+01  0.7023E+01  0.7145E+01
  0.1149E-02  0.1088E+02  0.6954E+01  0.6064E+01  0.6094E+01
  0.1540E-02  0.1092E+02  0.6521E+01  0.6775E+01  0.6780E+01
  0.2115E-02  0.1092E+02  0.7539E+01  0.8606E+01  0.8625E+01
  0.3206E-02  0.1201E+02  0.9140E+01  0.1311E+02  0.1336E+02
  0.5424E-02  0.1379E+02  0.1047E+02  0.2148E+02  0.2290E+02
  0.8207E-02  0.1352E+02  0.1118E+02  0.2329E+02  0.2490E+02
  0.1116E-01  0.1305E+02  0.1162E+02  0.2261E+02  0.2369E+02
  0.1456E-01  0.1234E+02  0.1208E+02  0.2174E+02  0.2252E+02
  0.1804E-01  0.1177E+02  0.1258E+02  0.2103E+02  0.2167E+02
  0.2181E-01  0.1119E+02  0.1291E+02  0.2047E+02  0.2106E+02
  0.2263E-01  0.1112E+02  0.1300E+02  0.2043E+02  0.2100E+02
  0.2344E-01  0.1107E+02  0.1309E+02  0.2043E+02  0.2099E+02
  0.2425E-01  0.1099E+02  0.1313E+02  0.2035E+02  0.2089E+02
  0.2505E-01  0.1092E+02  0.1319E+02  0.2028E+02  0.2083E+02
  0.2585E-01  0.1086E+02  0.1323E+02  0.2024E+02  0.2079E+02
  0.2662E-01  0.1081E+02  0.1327E+02  0.2021E+02  0.2074E+02
  0.2739E-01  0.1077E+02  0.1331E+02  0.2018E+02  0.2071E+02
  0.2815E-01  0.1073E+02  0.1335E+02  0.2016E+02  0.2069E+02
  0.2892E-01  0.1070E+02  0.1339E+02  0.2013E+02  0.2066E+02
  0.2968E-01  0.1069E+02  0.1343E+02  0.2013E+02  0.2065E+02
  0.3044E-01  0.1067E+02  0.1347E+02  0.2011E+02  0.2064E+02
  0.3124E-01  0.1067E+02  0.1351E+02  0.2010E+02  0.2063E+02
  0.3198E-01  0.1065E+02  0.1353E+02  0.2010E+02  0.2062E+02
  0.3275E-01  0.1065E+02  0.1357E+02  0.2010E+02  0.2063E+02
  0.3350E-01  0.1065E+02  0.1360E+02  0.2010E+02  0.2062E+02
  0.3427E-01  0.1066E+02  0.1364E+02  0.2011E+02  0.2061E+02
  0.3503E-01  0.1066E+02  0.1366E+02  0.2010E+02  0.2061E+02
  0.3579E-01  0.1067E+02  0.1369E+02  0.2010E+02  0.2062E+02
  0.3650E-01  0.1067E+02  0.1372E+02  0.2010E+02  0.2062E+02
  0.3722E-01  0.1068E+02  0.1374E+02  0.2010E+02  0.2061E+02
  0.3795E-01  0.1069E+02  0.1376E+02  0.2012E+02  0.2061E+02
  0.3866E-01  0.1071E+02  0.1379E+02  0.2011E+02  0.2062E+02
  0.3937E-01  0.1072E+02  0.1382E+02  0.2012E+02  0.2063E+02
  0.4009E-01  0.1073E+02  0.1385E+02  0.2012E+02  0.2064E+02
  0.4080E-01  0.1075E+02  0.1386E+02  0.2013E+02  0.2064E+02
  0.4151E-01  0.1076E+02  0.1388E+02  0.2013E+02  0.2064E+02
  0.4223E-01  0.1078E+02  0.1391E+02  0.2015E+02  0.2065E+02
  0.4294E-01  0.1080E+02  0.1392E+02  0.2015E+02  0.2065E+02
  0.4365E-01  0.1082E+02  0.1394E+02  0.2015E+02  0.2066E+02
  0.4437E-01  0.1084E+02  0.1397E+02  0.2016E+02  0.2067E+02
  0.4509E-01  0.1086E+02  0.1400E+02  0.2017E+02  0.2068E+02
  0.4580E-01  0.1089E+02  0.1402E+02  0.2019E+02  0.2069E+02
  0.4652E-01  0.1091E+02  0.1404E+02  0.2020E+02  0.2069E+02
  0.4725E-01  0.1093E+02  0.1405E+02  0.2020E+02  0.2070E+02
  0.4797E-01  0.1095E+02  0.1406E+02  0.2021E+02  0.2072E+02
  0.4868E-01  0.1097E+02  0.1409E+02  0.2022E+02  0.2073E+02
  0.4941E-01  0.1099E+02  0.1411E+02  0.2022E+02  0.2073E+02
  0.5014E-01  0.1102E+02  0.1413E+02  0.2024E+02  0.2074E+02
  0.5086E-01  0.1104E+02  0.1415E+02  0.2025E+02  0.2074E+02
  0.5158E-01  0.1107E+02  0.1417E+02  0.2026E+02  0.2076E+02
  0.5232E-01  0.1109E+02  0.1420E+02  0.2027E+02  0.2077E+02
  0.5305E-01  0.1112E+02  0.1421E+02  0.2028E+02  0.2079E+02
  0.5378E-01  0.1114E+02  0.1423E+02  0.2029E+02  0.2080E+02
  0.5452E-01  0.1116E+02  0.1425E+02  0.2030E+02  0.2081E+02
  0.5527E-01  0.1119E+02  0.1428E+02  0.2032E+02  0.2082E+02
  0.5600E-01  0.1121E+02  0.1430E+02  0.2033E+02  0.2082E+02
  0.5674E-01  0.1124E+02  0.1431E+02  0.2034E+02  0.2085E+02
  0.5750E-01  0.1126E+02  0.1434E+02  0.2035E+02  0.2085E+02
  0.5825E-01  0.1129E+02  0.1435E+02  0.2036E+02  0.2086E+02
  0.5900E-01  0.1132E+02  0.1437E+02  0.2038E+02  0.2087E+02
  0.5978E-01  0.1134E+02  0.1439E+02  0.2038E+02  0.2088E+02
  0.6059E-01  0.1136E+02  0.1440E+02  0.2039E+02  0.2089E+02
  0.6139E-01  0.1139E+02  0.1443E+02  0.2041E+02  0.2092E+02
  0.6219E-01  0.1142E+02  0.1445E+02  0.2043E+02  0.2093E+02
  0.6299E-01  0.1145E+02  0.1447E+02  0.2043E+02  0.2094E+02
  0.6379E-01  0.1148E+02  0.1450E+02  0.2046E+02  0.2096E+02
  0.6469E-01  0.1151E+02  0.1451E+02  0.2048E+02  0.2097E+02
  0.6554E-01  0.1153E+02  0.1453E+02  0.2049E+02  0.2098E+02
  0.6640E-01  0.1156E+02  0.1455E+02  0.2050E+02  0.2101E+02
  0.6726E-01  0.1159E+02  0.1457E+02  0.2052E+02  0.2103E+02
  0.6813E-01  0.1162E+02  0.1459E+02  0.2053E+02  0.2104E+02
  0.6899E-01  0.1164E+02  0.1462E+02  0.2056E+02  0.2105E+02
  0.6987E-01  0.1167E+02  0.1463E+02  0.2057E+02  0.2107E+02
  0.7079E-01  0.1170E+02  0.1465E+02  0.2059E+02  0.2110E+02
  0.7172E-01  0.1174E+02  0.1468E+02  0.2060E+02  0.2111E+02
  0.7264E-01  0.1177E+02  0.1470E+02  0.2063E+02  0.2112E+02
  0.7356E-01  0.1180E+02  0.1472E+02  0.2064E+02  0.2114E+02
  0.7448E-01  0.1182E+02  0.1474E+02  0.2066E+02  0.2115E+02
  0.7538E-01  0.1185E+02  0.1477E+02  0.2067E+02  0.2119E+02
  0.7623E-01  0.1188E+02  0.1479E+02  0.2069E+02  0.2120E+02
  0.7710E-01  0.1191E+02  0.1481E+02  0.2072E+02  0.2121E+02
  0.7799E-01  0.1194E+02  0.1483E+02  0.2074E+02  0.2123E+02
  0.7888E-01  0.1196E+02  0.1485E+02  0.2075E+02  0.2125E+02
  0.7980E-01  0.1199E+02  0.1487E+02  0.2077E+02  0.2128E+02
  0.8074E-01  0.1202E+02  0.1489E+02  0.2078E+02  0.2129E+02
  0.8167E-01  0.1205E+02  0.1491E+02  0.2081E+02  0.2132E+02
  0.8262E-01  0.1208E+02  0.1493E+02  0.2083E+02  0.2133E+02
  0.8358E-01  0.1211E+02  0.1496E+02  0.2085E+02  0.2135E+02
  0.8453E-01  0.1214E+02  0.1498E+02  0.2086E+02  0.2137E+02
  0.8549E-01  0.1217E+02  0.1500E+02  0.2088E+02  0.2140E+02
  0.8644E-01  0.1219E+02  0.1502E+02  0.2091E+02  0.2141E+02
  0.8739E-01  0.1222E+02  0.1504E+02  0.2093E+02  0.2143E+02
  0.8835E-01  0.1225E+02  0.1506E+02  0.2095E+02  0.2144E+02
  0.8930E-01  0.1228E+02  0.1508E+02  0.2096E+02  0.2146E+02
  0.9025E-01  0.1231E+02  0.1510E+02  0.2098E+02  0.2149E+02
  0.9120E-01  0.1234E+02  0.1512E+02  0.2101E+02  0.2151E+02
  0.9215E-01  0.1237E+02  0.1514E+02  0.2103E+02  0.2153E+02
  0.9309E-01  0.1240E+02  0.1517E+02  0.2105E+02  0.2155E+02
  0.9403E-01  0.1243E+02  0.1519E+02  0.2106E+02  0.2156E+02
  0.9498E-01  0.1246E+02  0.1522E+02  0.2108E+02  0.2160E+02
  0.9591E-01  0.1249E+02  0.1524E+02  0.2111E+02  0.2161E+02
  0.9685E-01  0.1252E+02  0.1526E+02  0.2112E+02  0.2163E+02
  0.9778E-01  0.1255E+02  0.1528E+02  0.2115E+02  0.2165E+02
  0.9871E-01  0.1257E+02  0.1531E+02  0.2117E+02  0.2167E+02
  0.9963E-01  0.1261E+02  0.1533E+02  0.2118E+02  0.2169E+02
  0.1005E+00  0.1264E+02  0.1535E+02  0.2122E+02  0.2172E+02
  0.1015E+00  0.1267E+02  0.1537E+02  0.2123E+02  0.2174E+02
  0.1024E+00  0.1269E+02  0.1540E+02  0.2126E+02  0.2176E+02
  0.1033E+00  0.1273E+02  0.1541E+02  0.2128E+02  0.2178E+02
  0.1042E+00  0.1276E+02  0.1544E+02  0.2129E+02  0.2180E+02
  0.1051E+00  0.1279E+02  0.1546E+02  0.2131E+02  0.2182E+02
  0.1061E+00  0.1281E+02  0.1549E+02  0.2135E+02  0.2185E+02
  0.1070E+00  0.1284E+02  0.1551E+02  0.2137E+02  0.2187E+02
  0.1079E+00  0.1287E+02  0.1553E+02  0.2139E+02  0.2189E+02
  0.1088E+00  0.1290E+02  0.1555E+02  0.2141E+02  0.2191E+02
  0.1097E+00  0.1293E+02  0.1558E+02  0.2142E+02  0.2193E+02
  0.1105E+00  0.1296E+02  0.1560E+02  0.2144E+02  0.2195E+02
  0.1114E+00  0.1298E+02  0.1562E+02  0.2146E+02  0.2197E+02
  0.1123E+00  0.1302E+02  0.1565E+02  0.2150E+02  0.2199E+02
  0.1132E+00  0.1305E+02  0.1566E+02  0.2151E+02  0.2202E+02
  0.1141E+00  0.1307E+02  0.1569E+02  0.2153E+02  0.2204E+02
  0.1150E+00  0.1310E+02  0.1571E+02  0.2155E+02  0.2206E+02
  0.1159E+00  0.1313E+02  0.1574E+02  0.2158E+02  0.2208E+02
  0.1168E+00  0.1316E+02  0.1576E+02  0.2159E+02  0.2210E+02
  0.1177E+00  0.1319E+02  0.1578E+02  0.2161E+02  0.2213E+02
  0.1185E+00  0.1322E+02  0.1581E+02  0.2163E+02  0.2214E+02
  0.1194E+00  0.1325E+02  0.1583E+02  0.2165E+02  0.2216E+02
  0.1203E+00  0.1328E+02  0.1585E+02  0.2168E+02  0.2218E+02
  0.1212E+00  0.1331E+02  0.1588E+02  0.2170E+02  0.2220E+02
  0.1221E+00  0.1334E+02  0.1590E+02  0.2172E+02  0.2224E+02
  0.1229E+00  0.1336E+02  0.1592E+02  0.2174E+02  0.2225E+02
  0.1238E+00  0.1339E+02  0.1594E+02  0.2176E+02  0.2227E+02
  0.1247E+00  0.1342E+02  0.1597E+02  0.2178E+02  0.2229E+02
  0.1255E+00  0.1345E+02  0.1599E+02  0.2180E+02  0.2231E+02
  0.1264E+00  0.1348E+02  0.1601E+02  0.2182E+02  0.2233E+02
  0.1273E+00  0.1350E+02  0.1603E+02  0.2184E+02  0.2235E+02
  0.1281E+00  0.1354E+02  0.1607E+02  0.2186E+02  0.2238E+02
  0.1290E+00  0.1356E+02  0.1608E+02  0.2188E+02  0.2239E+02
  0.1298E+00  0.1359E+02  0.1612E+02  0.2190E+02  0.2241E+02
  0.1307E+00  0.1362E+02  0.1612E+02  0.2192E+02  0.2243E+02
  0.1315E+00  0.1365E+02  0.1616E+02  0.2194E+02  0.2245E+02
  0.1324E+00  0.1367E+02  0.1618E+02  0.2196E+02  0.2247E+02
  0.1332E+00  0.1370E+02  0.1620E+02  0.2198E+02  0.2249E+02
  0.1341E+00  0.1374E+02  0.1623E+02  0.2199E+02  0.2250E+02
  0.1350E+00  0.1376E+02  0.1624E+02  0.2202E+02  0.2252E+02
  0.1358E+00  0.1379E+02  0.1627E+02  0.2202E+02  0.2254E+02
  0.1366E+00  0.1382E+02  0.1629E+02  0.2204E+02  0.2256E+02
  0.1375E+00  0.1385E+02  0.1632E+02  0.2206E+02  0.2258E+02
  0.1383E+00  0.1388E+02  0.1633E+02  0.2208E+02  0.2259E+02
  0.1392E+00  0.1390E+02  0.1636E+02  0.2210E+02  0.2262E+02
  0.1400E+00  0.1393E+02  0.1638E+02  0.2212E+02  0.2263E+02
  0.1409E+00  0.1396E+02  0.1641E+02  0.2214E+02  0.2264E+02
  0.1417E+00  0.1399E+02  0.1643E+02  0.2216E+02  0.2266E+02
  0.1426E+00  0.1402E+02  0.1645E+02  0.2217E+02  0.2268E+02
  0.1434E+00  0.1405E+02  0.1648E+02  0.2220E+02  0.2270E+02
  0.1442E+00  0.1408E+02  0.1650E+02  0.2221E+02  0.2272E+02
  0.1450E+00  0.1410E+02  0.1652E+02  0.2223E+02  0.2274E+02
  0.1459E+00  0.1413E+02  0.1656E+02  0.2225E+02  0.2276E+02
  0.1467E+00  0.1416E+02  0.1657E+02  0.2226E+02  0.2277E+02
  0.1475E+00  0.1419E+02  0.1660E+02  0.2228E+02  0.2280E+02
  0.1483E+00  0.1422E+02  0.1661E+02  0.2229E+02  0.2280E+02
  0.1491E+00  0.1425E+02  0.1665E+02  0.2231E+02  0.2282E+02
  0.1500E+00  0.1427E+02  0.1667E+02  0.2233E+02  0.2284E+02
  0.1508E+00  0.1431E+02  0.1669E+02  0.2235E+02  0.2285E+02
  0.1516E+00  0.1433E+02  0.1672E+02  0.2237E+02  0.2287E+02
  0.1524E+00  0.1436E+02  0.1675E+02  0.2239E+02  0.2289E+02
  0.1532E+00  0.1439E+02  0.1676E+02  0.2239E+02  0.2290E+02
  0.1540E+00  0.1442E+02  0.1680E+02  0.2241E+02  0.2292E+02
  0.1549E+00  0.1444E+02  0.1681E+02  0.2243E+02  0.2293E+02
  0.1557E+00  0.1448E+02  0.1683E+02  0.2244E+02  0.2295E+02
  0.1565E+00  0.1450E+02  0.1687E+02  0.2246E+02  0.2296E+02
  0.1573E+00  0.1453E+02  0.1688E+02  0.2248E+02  0.2298E+02
  0.1581E+00  0.1456E+02  0.1690E+02  0.2249E+02  0.2299E+02
  0.1589E+00  0.1458E+02  0.1693E+02  0.2250E+02  0.2301E+02
  0.1597E+00  0.1461E+02  0.1695E+02  0.2252E+02  0.2303E+02
  0.1605E+00  0.1464E+02  0.1697E+02  0.2254E+02  0.2303E+02
  0.1613E+00  0.1466E+02  0.1700E+02  0.2254E+02  0.2305E+02
  0.1621E+00  0.1469E+02  0.1702E+02  0.2255E+02  0.2306E+02
  0.1629E+00  0.1472E+02  0.1704E+02  0.2257E+02  0.2308E+02
  0.1637E+00  0.1474E+02  0.1707E+02  0.2259E+02  0.2308E+02
  0.1645E+00  0.1477E+02  0.1710E+02  0.2260E+02  0.2310E+02
  0.1653E+00  0.1480E+02  0.1710E+02  0.2260E+02  0.2312E+02
  0.1661E+00  0.1483E+02  0.1714E+02  0.2262E+02  0.2313E+02
  0.1668E+00  0.1485E+02  0.1715E+02  0.2264E+02  0.2313E+02
  0.1676E+00  0.1487E+02  0.1718E+02  0.2264E+02  0.2314E+02
  0.1684E+00  0.1491E+02  0.1720E+02  0.2265E+02  0.2316E+02
  0.1692E+00  0.1493E+02  0.1723E+02  0.2267E+02  0.2317E+02
  0.1700E+00  0.1496E+02  0.1724E+02  0.2269E+02  0.2318E+02
  0.1708E+00  0.1498E+02  0.1726E+02  0.2269E+02  0.2319E+02
  0.1716E+00  0.1501E+02  0.1729E+02  0.2270E+02  0.2320E+02
  0.1724E+00  0.1504E+02  0.1731E+02  0.2271E+02  0.2321E+02
  0.1732E+00  0.1506E+02  0.1733E+02  0.2272E+02  0.2323E+02
  0.1739E+00  0.1508E+02  0.1735E+02  0.2274E+02  0.2323E+02
  0.1747E+00  0.1511E+02  0.1737E+02  0.2274E+02  0.2324E+02
  0.1755E+00  0.1514E+02  0.1739E+02  0.2275E+02  0.2326E+02
  0.1763E+00  0.1516E+02  0.1743E+02  0.2276E+02  0.2326E+02
  0.1771E+00  0.1518E+02  0.1744E+02  0.2278E+02  0.2327E+02
  0.1779E+00  0.1521E+02  0.1747E+02  0.2278E+02  0.2329E+02
  0.1787E+00  0.1523E+02  0.1748E+02  0.2280E+02  0.2329E+02
  0.1795E+00  0.1525E+02  0.1751E+02  0.2281E+02  0.2331E+02
  0.1803E+00  0.1529E+02  0.1753E+02  0.2281E+02  0.2332E+02
  0.1811E+00  0.1531E+02  0.1755E+02  0.2283E+02  0.2332E+02
  0.1818E+00  0.1534E+02  0.1758E+02  0.2284E+02  0.2333E+02
  0.1826E+00  0.1536E+02  0.1759E+02  0.2284E+02  0.2335E+02
  0.1834E+00  0.1539E+02  0.1762E+02  0.2285E+02  0.2335E+02
  0.1841E+00  0.1541E+02  0.1764E+02  0.2287E+02  0.2336E+02
  0.1849E+00  0.1544E+02  0.1766E+02  0.2287E+02  0.2336E+02
  0.1857E+00  0.1546E+02  0.1768E+02  0.2288E+02  0.2338E+02
  0.1864E+00  0.1549E+02  0.1770E+02  0.2289E+02  0.2339E+02
  0.1872E+00  0.1551E+02  0.1772E+02  0.2289E+02  0.2339E+02
  0.1880E+00  0.1553E+02  0.1775E+02  0.2291E+02  0.2340E+02
  0.1887E+00  0.1556E+02  0.1776E+02  0.2293E+02  0.2341E+02
  0.1895E+00  0.1558E+02  0.1780E+02  0.2292E+02  0.2342E+02
  0.1903E+00  0.1561E+02  0.1781E+02  0.2293E+02  0.2343E+02
  0.1910E+00  0.1564E+02  0.1783E+02  0.2295E+02  0.2343E+02
  0.1918E+00  0.1565E+02  0.1785E+02  0.2294E+02  0.2344E+02
  0.1925E+00  0.1568E+02  0.1787E+02  0.2296E+02  0.2346E+02
  0.1933E+00  0.1570E+02  0.1789E+02  0.2297E+02  0.2345E+02
  0.1941E+00  0.1573E+02  0.1792E+02  0.2298E+02  0.2347E+02
  0.1948E+00  0.1575E+02  0.1793E+02  0.2299E+02  0.2348E+02
  0.1956E+00  0.1577E+02  0.1797E+02  0.2301E+02  0.2348E+02
  0.1963E+00  0.1580E+02  0.1798E+02  0.2300E+02  0.2350E+02
  0.1971E+00  0.1582E+02  0.1801E+02  0.2301E+02  0.2350E+02
  0.1978E+00  0.1585E+02  0.1802E+02  0.2303E+02  0.2351E+02
  0.1986E+00  0.1587E+02  0.1804E+02  0.2302E+02  0.2352E+02
  0.1993E+00  0.1588E+02  0.1807E+02  0.2304E+02  0.2352E+02
  0.2000E+00  0.1591E+02  0.1808E+02  0.2305E+02  0.2353E+02
  0.2008E+00  0.1594E+02  0.1811E+02  0.2305E+02  0.2355E+02
  0.2015E+00  0.1596E+02  0.1812E+02  0.2307E+02  0.2355E+02
  0.2023E+00  0.1598E+02  0.1814E+02  0.2306E+02  0.2356E+02
  0.2030E+00  0.1600E+02  0.1816E+02  0.2308E+02  0.2357E+02
  0.2038E+00  0.1602E+02  0.1818E+02  0.2308E+02  0.2357E+02
  0.2045E+00  0.1605E+02  0.1821E+02  0.2309E+02  0.2358E+02
  0.2053E+00  0.1606E+02  0.1822E+02  0.2311E+02  0.2358E+02
  0.2060E+00  0.1609E+02  0.1826E+02  0.2311E+02  0.2360E+02
  0.2068E+00  0.1612E+02  0.1827E+02  0.2312E+02  0.2361E+02
