1.5
0.000 ( 0)
0.000 ( 0)
4.680 (-48)
0.000 ( 0)

1.6
0.000 ( 0)
0.000 ( 0)
1.147 (-46)
0.000 ( 0)

1.8
0.000 ( 0)
0.000 ( 0)
1.147 (-45)
0.000 ( 0)

2.0
0.000 ( 0)
0.000 ( 0)
3.670 (-45)
0.000 ( 0)

2.2
0.000 ( 0)
0.000 ( 0)
7.973 (-45)
0.000 ( 0)

2.4
4.346 (-47)
4.313 (-47)
1.428 (-44)
0.000 ( 0)

2.6
4.322 (-46)
4.285 (-46)
2.279 (-44)
0.000 ( 0)

2.8
1.478 (-45)
1.464 (-45)
3.369 (-44)
0.000 ( 0)

3.0
3.402 (-45)
3.366 (-45)
4.712 (-44)
0.000 ( 0)

3.2
6.372 (-45)
6.297 (-45)
6.324 (-44)
0.000 ( 0)

3.4
1.052 (-44)
1.038 (-44)
8.216 (-44)
0.000 ( 0)

3.6
1.594 (-44)
1.572 (-44)
1.040 (-43)
0.000 ( 0)

3.8
2.274 (-44)
2.240 (-44)
1.289 (-43)
0.000 ( 0)

4.0
3.098 (-44)
3.048 (-44)
1.569 (-43)
0.000 ( 0)

4.2
4.072 (-44)
4.002 (-44)
1.881 (-43)
1.132 (-45)

4.4
5.202 (-44)
5.107 (-44)
2.225 (-43)
4.621 (-45)

4.6
6.492 (-44)
6.366 (-44)
2.604 (-43)
1.025 (-44)

4.8
7.947 (-44)
7.784 (-44)
3.016 (-43)
1.811 (-44)

5.0
9.570 (-44)
9.364 (-44)
3.463 (-43)
2.836 (-44)

5.2
1.136 (-43)
1.111 (-43)
3.945 (-43)
4.111 (-44)

5.4
1.333 (-43)
1.302 (-43)
4.463 (-43)
5.647 (-44)

5.6
1.548 (-43)
1.509 (-43)
5.017 (-43)
7.453 (-44)

5.8
1.780 (-43)
1.734 (-43)
5.608 (-43)
9.537 (-44)

6.0
2.031 (-43)
1.976 (-43)
6.236 (-43)
1.190 (-43)

6.2
2.300 (-43)
2.235 (-43)
6.902 (-43)
1.456 (-43)

6.4
2.587 (-43)
2.512 (-43)
7.605 (-43)
1.752 (-43)

6.6
2.894 (-43)
2.806 (-43)
8.347 (-43)
2.077 (-43)

6.8
3.219 (-43)
3.117 (-43)
9.127 (-43)
2.433 (-43)

7.0
3.562 (-43)
3.446 (-43)
9.946 (-43)
2.820 (-43)

7.2
3.925 (-43)
3.793 (-43)
1.080 (-42)
3.237 (-43)

7.4
4.308 (-43)
4.158 (-43)
1.170 (-42)
3.686 (-43)

7.6
4.709 (-43)
4.540 (-43)
1.264 (-42)
4.166 (-43)

7.8
5.130 (-43)
4.940 (-43)
1.362 (-42)
4.677 (-43)

8.0
5.571 (-43)
5.358 (-43)
1.464 (-42)
5.220 (-43)

8.2
6.031 (-43)
5.794 (-43)
1.569 (-42)
5.796 (-43)

8.4
6.511 (-43)
6.248 (-43)
1.679 (-42)
6.403 (-43)

8.6
7.010 (-43)
6.720 (-43)
1.793 (-42)
7.042 (-43)

8.8
7.530 (-43)
7.210 (-43)
1.911 (-42)
7.713 (-43)

9.0
8.070 (-43)
7.718 (-43)
2.034 (-42)
8.416 (-43)

9.2
8.629 (-43)
8.243 (-43)
2.160 (-42)
9.152 (-43)

9.4
9.209 (-43)
8.787 (-43)
2.291 (-42)
9.919 (-43)

9.6
9.809 (-43)
9.349 (-43)
2.425 (-42)
1.072 (-42)

9.8
1.043 (-42)
9.928 (-43)
2.565 (-42)
1.155 (-42)

10.0
1.107 (-42)
1.053 (-42)
2.708 (-42)
1.242 (-42)

10.2
1.173 (-42)
1.114 (-42)
2.856 (-42)
1.331 (-42)

10.4
1.241 (-42)
1.177 (-42)
3.007 (-42)
1.424 (-42)

10.6
1.311 (-42)
1.243 (-42)
3.164 (-42)
1.520 (-42)

10.8
1.383 (-42)
1.310 (-42)
3.324 (-42)
1.619 (-42)

11.0
1.458 (-42)
1.378 (-42)
3.489 (-42)
1.722 (-42)

11.2
1.534 (-42)
1.449 (-42)
3.658 (-42)
1.828 (-42)

11.4
1.612 (-42)
1.521 (-42)
3.832 (-42)
1.937 (-42)

11.6
1.693 (-42)
1.595 (-42)
4.010 (-42)
2.049 (-42)

11.8
1.775 (-42)
1.671 (-42)
4.192 (-42)
2.164 (-42)

12.0
1.860 (-42)
1.748 (-42)
4.379 (-42)
2.282 (-42)

12.2
1.947 (-42)
1.828 (-42)
4.570 (-42)
2.404 (-42)

12.4
2.035 (-42)
1.909 (-42)
4.766 (-42)
2.529 (-42)

12.6
2.126 (-42)
1.992 (-42)
4.966 (-42)
2.657 (-42)

12.8
2.219 (-42)
2.077 (-42)
5.171 (-42)
2.788 (-42)

13.0
2.314 (-42)
2.163 (-42)
5.380 (-42)
2.922 (-42)

13.5
2.561 (-42)
2.387 (-42)
5.923 (-42)
3.272 (-42)

14.0
2.822 (-42)
2.622 (-42)
6.495 (-42)
3.641 (-42)

14.5
3.095 (-42)
2.868 (-42)
7.095 (-42)
4.029 (-42)

15.0
3.382 (-42)
3.125 (-42)
7.724 (-42)
4.437 (-42)

15.5
3.682 (-42)
3.392 (-42)
8.383 (-42)
4.864 (-42)

16.0
3.995 (-42)
3.671 (-42)
9.071 (-42)
5.310 (-42)

16.5
4.323 (-42)
3.960 (-42)
9.789 (-42)
5.775 (-42)

17.0
4.663 (-42)
4.260 (-42)
1.054 (-41)
6.258 (-42)

17.5
5.017 (-42)
4.570 (-42)
1.131 (-41)
6.761 (-42)

18.0
5.385 (-42)
4.891 (-42)
1.212 (-41)
7.282 (-42)

18.5
5.767 (-42)
5.223 (-42)
1.296 (-41)
7.821 (-42)

19.0
6.162 (-42)
5.565 (-42)
1.383 (-41)
8.378 (-42)

19.5
6.571 (-42)
5.918 (-42)
1.474 (-41)
8.954 (-42)

20.0
6.994 (-42)
6.281 (-42)
1.567 (-41)
9.547 (-42)

20.5
7.431 (-42)
6.654 (-42)
1.663 (-41)
1.016 (-41)

21.0
7.882 (-42)
7.038 (-42)
1.763 (-41)
1.079 (-41)

21.5
8.347 (-42)
7.432 (-42)
1.866 (-41)
1.143 (-41)

22.0
8.826 (-42)
7.836 (-42)
1.972 (-41)
1.210 (-41)

22.5
9.319 (-42)
8.250 (-42)
2.081 (-41)
1.278 (-41)

23.0
9.826 (-42)
8.674 (-42)
2.194 (-41)
1.348 (-41)

23.5
1.035 (-41)
9.109 (-42)
2.310 (-41)
1.419 (-41)

24.0
1.088 (-41)
9.553 (-42)
2.429 (-41)
1.493 (-41)

24.5
1.143 (-41)
1.001 (-41)
2.552 (-41)
1.568 (-41)

25
1.200 (-41)
1.047 (-41)
2.678 (-41)
1.645 (-41)

26
1.317 (-41)
1.143 (-41)
2.941 (-41)
1.803 (-41)

27
1.440 (-41)
1.243 (-41)
3.217 (-41)
1.968 (-41)

28
1.569 (-41)
1.347 (-41)
3.507 (-41)
2.139 (-41)

29
1.704 (-41)
1.454 (-41)
3.811 (-41)
2.317 (-41)

30
1.844 (-41)
1.566 (-41)
4.130 (-41)
2.501 (-41)

31
1.991 (-41)
1.681 (-41)
4.463 (-41)
2.691 (-41)

32
2.143 (-41)
1.800 (-41)
4.811 (-41)
2.888 (-41)

33
2.302 (-41)
1.922 (-41)
5.173 (-41)
3.090 (-41)

34
2.466 (-41)
2.048 (-41)
5.551 (-41)
3.298 (-41)

35
2.637 (-41)
2.178 (-41)
5.944 (-41)
3.512 (-41)

36
2.814 (-41)
2.312 (-41)
6.352 (-41)
3.732 (-41)

37
2.997 (-41)
2.449 (-41)
6.776 (-41)
3.958 (-41)

38
3.186 (-41)
2.589 (-41)
7.215 (-41)
4.189 (-41)

39
3.382 (-41)
2.733 (-41)
7.670 (-41)
4.426 (-41)

40
3.583 (-41)
2.881 (-41)
8.141 (-41)
4.668 (-41)

41
3.791 (-41)
3.031 (-41)
8.628 (-41)
4.916 (-41)

42
4.005 (-41)
3.186 (-41)
9.132 (-41)
5.169 (-41)

43
4.225 (-41)
3.343 (-41)
9.652 (-41)
5.427 (-41)

44
4.452 (-41)
3.504 (-41)
1.019 (-40)
5.690 (-41)

45
4.684 (-41)
3.668 (-41)
1.074 (-40)
5.958 (-41)

46
4.923 (-41)
3.835 (-41)
1.131 (-40)
6.231 (-41)

47
5.169 (-41)
4.005 (-41)
1.190 (-40)
6.510 (-41)

48
5.421 (-41)
4.179 (-41)
1.250 (-40)
6.792 (-41)

49
5.679 (-41)
4.355 (-41)
1.312 (-40)
7.080 (-41)

50
5.944 (-41)
4.535 (-41)
1.376 (-40)
7.372 (-41)

51
6.215 (-41)
4.717 (-41)
1.441 (-40)
7.669 (-41)

52
6.492 (-41)
4.903 (-41)
1.508 (-40)
7.970 (-41)

53
6.776 (-41)
5.091 (-41)
1.577 (-40)
8.275 (-41)

54
7.066 (-41)
5.283 (-41)
1.648 (-40)
8.585 (-41)

55
7.362 (-41)
5.477 (-41)
1.721 (-40)
8.899 (-41)

60
8.941 (-41)
6.488 (-41)
2.109 (-40)
1.053 (-40)

65
1.068 (-40)
7.563 (-41)
2.543 (-40)
1.225 (-40)

70
1.258 (-40)
8.698 (-41)
3.022 (-40)
1.406 (-40)

75
1.463 (-40)
9.890 (-41)
3.546 (-40)
1.594 (-40)

80
1.683 (-40)
1.113 (-40)
4.115 (-40)
1.789 (-40)

85
1.919 (-40)
1.241 (-40)
4.729 (-40)
1.989 (-40)

90
2.169 (-40)
1.373 (-40)
5.388 (-40)
2.195 (-40)

95
2.433 (-40)
1.509 (-40)
6.090 (-40)
2.405 (-40)

100
2.711 (-40)
1.647 (-40)
6.836 (-40)
2.618 (-40)

105
3.003 (-40)
1.789 (-40)
7.626 (-40)
2.835 (-40)

110
3.308 (-40)
1.933 (-40)
8.456 (-40)
3.055 (-40)

115
3.624 (-40)
2.079 (-40)
9.324 (-40)
3.278 (-40)

120
3.953 (-40)
2.227 (-40)
1.023 (-39)
3.502 (-40)

125
4.291 (-40)
2.375 (-40)
1.118 (-39)
3.727 (-40)

130
4.641 (-40)
2.525 (-40)
1.216 (-39)
3.954 (-40)

135
5.000 (-40)
2.675 (-40)
1.317 (-39)
4.182 (-40)

140
5.367 (-40)
2.826 (-40)
1.422 (-39)
4.411 (-40)

145
5.744 (-40)
2.978 (-40)
1.530 (-39)
4.640 (-40)

150
6.130 (-40)
3.129 (-40)
1.641 (-39)
4.871 (-40)

155
6.524 (-40)
3.281 (-40)
1.755 (-39)
5.101 (-40)

160
6.925 (-40)
3.432 (-40)
1.872 (-39)
5.332 (-40)

165
7.331 (-40)
3.584 (-40)
1.991 (-39)
5.565 (-40)

170
7.743 (-40)
3.735 (-40)
2.113 (-39)
5.796 (-40)
