1.0216  9.817e+47  1.26e+44  1.652e+43  1.652e+43
6.25  1.665e+49  2.466e+45  5.423e+44  5.423e+44
11.47  1.617e+49  2.075e+45  4.208e+44  4.208e+44
16.1  1.586e+49  1.928e+45  3.846e+44  3.846e+44
21.07  1.994e+49  2.236e+45  4.594e+44  4.594e+44
26.52  2.16e+49  2.361e+45  4.96e+44  4.96e+44
31.06  2.389e+49  2.427e+45  4.972e+44  4.972e+44
36.22  2.801e+49  2.582e+45  5.267e+44  5.267e+44
41.36  3.275e+49  2.787e+45  5.749e+44  5.749e+44
46.57  3.992e+49  3.007e+45  6.153e+44  6.153e+44
51.01  4.486e+49  3.192e+45  6.582e+44  6.582e+44
56.05  5.462e+49  3.459e+45  7.174e+44  7.174e+44
61.04  6.681e+49  3.751e+45  7.745e+44  7.745e+44
66.06  8.181e+49  4.189e+45  8.436e+44  8.436e+44
71.35  9.904e+49  4.475e+45  9.195e+44  9.195e+44
76.05  1.211e+50  4.925e+45  1.011e+45  1.011e+45
81.48  1.537e+50  5.486e+45  1.102e+45  1.102e+45
86.5  1.842e+50  5.821e+45  1.201e+45  1.201e+45
91.39  2.303e+50  6.545e+45  1.333e+45  1.333e+45
96.15  2.873e+50  7.205e+45  1.448e+45  1.448e+45
101.3  3.635e+50  7.932e+45  1.584e+45  1.584e+45
106.3  4.62e+50  8.637e+45  1.717e+45  1.717e+45
111.1  5.868e+50  9.413e+45  1.853e+45  1.853e+45
116.3  7.612e+50  1.042e+46  2.033e+45  2.033e+45
121.3  9.739e+50  1.164e+46  2.249e+45  2.249e+45
126.1  1.25e+51  1.365e+46  2.631e+45  2.631e+45
131.2  1.63e+51  1.668e+46  3.192e+45  3.192e+45
136.4  2.124e+51  1.992e+46  3.755e+45  3.755e+45
141.3  2.84e+51  2.352e+46  4.399e+45  4.399e+45
146  3.792e+51  2.744e+46  5.084e+45  5.084e+45
151.1  4.938e+51  3.198e+46  5.879e+45  5.879e+45
156.3  6.663e+51  3.771e+46  6.821e+45  6.821e+45
161.2  9.268e+51  4.545e+46  8.043e+45  8.043e+45
166.2  1.343e+52  5.421e+46  9.392e+45  9.392e+45
171  2.013e+52  6.355e+46  1.068e+46  1.068e+46
176.1  3.341e+52  7.509e+46  1.215e+46  1.215e+46
181  7.034e+52  8.534e+46  1.303e+46  1.303e+46
186  1.245e+53  3.726e+49  5.334e+50  5.334e+50
191  3.287e+53  1.466e+51  1.051e+52  1.051e+52
196  1.489e+53  1.069e+52  1.574e+52  1.574e+52
201  9.299e+52  3.396e+52  1.848e+52  1.848e+52
202  8.498e+52  3.428e+52  1.843e+52  1.843e+52
203  7.601e+52  3.263e+52  1.814e+52  1.814e+52
204  6.777e+52  3.071e+52  1.777e+52  1.777e+52
205  6.182e+52  2.96e+52  1.746e+52  1.746e+52
206  5.88e+52  2.989e+52  1.736e+52  1.736e+52
207  5.772e+52  3.127e+52  1.728e+52  1.728e+52
208  5.814e+52  3.366e+52  1.729e+52  1.729e+52
209  5.979e+52  3.673e+52  1.743e+52  1.743e+52
210  6.275e+52  4.013e+52  1.78e+52  1.78e+52
211  6.688e+52  4.335e+52  1.837e+52  1.837e+52
212  7.122e+52  4.523e+52  1.886e+52  1.886e+52
213  7.453e+52  4.559e+52  1.914e+52  1.914e+52
214  7.561e+52  4.547e+52  1.922e+52  1.922e+52
215  7.439e+52  4.654e+52  1.938e+52  1.938e+52
216  7.24e+52  4.883e+52  1.98e+52  1.98e+52
217  7.048e+52  5.044e+52  2.028e+52  2.028e+52
218  6.836e+52  4.998e+52  2.057e+52  2.057e+52
219  6.57e+52  4.779e+52  2.058e+52  2.058e+52
220  6.338e+52  4.464e+52  2.049e+52  2.049e+52
221  6.113e+52  4.126e+52  2.033e+52  2.033e+52
222  5.907e+52  3.868e+52  2.032e+52  2.032e+52
223  5.663e+52  3.75e+52  2.042e+52  2.042e+52
224  5.456e+52  3.735e+52  2.062e+52  2.062e+52
225  5.302e+52  3.714e+52  2.077e+52  2.077e+52
226  5.212e+52  3.666e+52  2.1e+52  2.1e+52
227  5.093e+52  3.586e+52  2.12e+52  2.12e+52
228  4.9e+52  3.512e+52  2.134e+52  2.134e+52
229  4.628e+52  3.451e+52  2.136e+52  2.136e+52
230  4.393e+52  3.421e+52  2.144e+52  2.144e+52
231  4.253e+52  3.375e+52  2.142e+52  2.142e+52
232  4.289e+52  3.37e+52  2.165e+52  2.165e+52
233  4.395e+52  3.382e+52  2.182e+52  2.182e+52
234  4.494e+52  3.427e+52  2.194e+52  2.194e+52
235  4.307e+52  3.312e+52  2.088e+52  2.088e+52
236  4.092e+52  3.23e+52  2e+52  2e+52
237  3.876e+52  3.166e+52  1.939e+52  1.939e+52
238  3.807e+52  3.194e+52  1.966e+52  1.966e+52
239  3.692e+52  3.13e+52  1.97e+52  1.97e+52
240  3.566e+52  3.024e+52  1.949e+52  1.949e+52
241  3.47e+52  2.972e+52  1.925e+52  1.925e+52
242  3.413e+52  3.024e+52  1.915e+52  1.915e+52
243  3.399e+52  3.15e+52  1.924e+52  1.924e+52
244  3.442e+52  3.271e+52  1.943e+52  1.943e+52
245  3.541e+52  3.333e+52  1.96e+52  1.96e+52
246  3.643e+52  3.325e+52  1.955e+52  1.955e+52
247  3.701e+52  3.298e+52  1.93e+52  1.93e+52
248  3.733e+52  3.333e+52  1.918e+52  1.918e+52
249  3.77e+52  3.433e+52  1.936e+52  1.936e+52
250  3.831e+52  3.543e+52  1.971e+52  1.971e+52
251  3.884e+52  3.587e+52  1.993e+52  1.993e+52
252  3.903e+52  3.571e+52  1.995e+52  1.995e+52
253  3.87e+52  3.533e+52  1.982e+52  1.982e+52
254  3.802e+52  3.506e+52  1.967e+52  1.967e+52
255  3.757e+52  3.513e+52  1.965e+52  1.965e+52
256  3.735e+52  3.525e+52  1.965e+52  1.965e+52
257  3.713e+52  3.511e+52  1.954e+52  1.954e+52
258  3.705e+52  3.495e+52  1.944e+52  1.944e+52
259  3.724e+52  3.499e+52  1.943e+52  1.943e+52
260  3.78e+52  3.542e+52  1.955e+52  1.955e+52
261  3.83e+52  3.585e+52  1.958e+52  1.958e+52
262  3.853e+52  3.613e+52  1.946e+52  1.946e+52
263  3.828e+52  3.603e+52  1.917e+52  1.917e+52
264  3.788e+52  3.586e+52  1.893e+52  1.893e+52
265  3.774e+52  3.593e+52  1.894e+52  1.894e+52
266  3.793e+52  3.631e+52  1.929e+52  1.929e+52
267  3.76e+52  3.611e+52  1.948e+52  1.948e+52
268  3.72e+52  3.579e+52  1.962e+52  1.962e+52
269  3.703e+52  3.567e+52  1.974e+52  1.974e+52
270  3.764e+52  3.638e+52  2.008e+52  2.008e+52
271  3.837e+52  3.737e+52  2.036e+52  2.036e+52
272  3.89e+52  3.816e+52  2.046e+52  2.046e+52
273  3.951e+52  3.873e+52  2.054e+52  2.054e+52
274  4.042e+52  3.918e+52  2.067e+52  2.067e+52
275  4.155e+52  3.97e+52  2.083e+52  2.083e+52
276  4.24e+52  4.02e+52  2.086e+52  2.086e+52
277  4.311e+52  4.087e+52  2.089e+52  2.089e+52
278  4.351e+52  4.138e+52  2.089e+52  2.089e+52
279  4.381e+52  4.167e+52  2.099e+52  2.099e+52
280  4.367e+52  4.14e+52  2.103e+52  2.103e+52
281  4.333e+52  4.093e+52  2.106e+52  2.106e+52
282  4.298e+52  4.054e+52  2.104e+52  2.104e+52
283  4.295e+52  4.057e+52  2.103e+52  2.103e+52
284  4.336e+52  4.104e+52  2.108e+52  2.108e+52
285  4.413e+52  4.176e+52  2.119e+52  2.119e+52
286  4.485e+52  4.218e+52  2.118e+52  2.118e+52
287  4.515e+52  4.207e+52  2.09e+52  2.09e+52
288  4.547e+52  4.211e+52  2.063e+52  2.063e+52
289  4.585e+52  4.256e+52  2.055e+52  2.055e+52
290  4.62e+52  4.315e+52  2.07e+52  2.07e+52
291  4.574e+52  4.292e+52  2.074e+52  2.074e+52
292  4.436e+52  4.171e+52  2.059e+52  2.059e+52
293  4.262e+52  4.021e+52  2.037e+52  2.037e+52
294  4.087e+52  3.887e+52  2.012e+52  2.012e+52
295  3.944e+52  3.787e+52  1.986e+52  1.986e+52
296  3.868e+52  3.736e+52  1.968e+52  1.968e+52
297  3.88e+52  3.755e+52  1.966e+52  1.966e+52
298  3.957e+52  3.838e+52  1.979e+52  1.979e+52
299  4.017e+52  3.912e+52  1.979e+52  1.979e+52
300  4.035e+52  3.936e+52  1.97e+52  1.97e+52
301  4.027e+52  3.912e+52  1.961e+52  1.961e+52
311  3.989e+52  3.819e+52  1.876e+52  1.876e+52
321  3.982e+52  3.793e+52  1.839e+52  1.839e+52
331  3.879e+52  3.721e+52  1.766e+52  1.766e+52
341  3.61e+52  3.518e+52  1.697e+52  1.697e+52
351  3.173e+52  3.138e+52  1.624e+52  1.624e+52
361  2.929e+52  2.905e+52  1.559e+52  1.559e+52
371  2.965e+52  2.918e+52  1.49e+52  1.49e+52
381  2.913e+52  2.864e+52  1.424e+52  1.424e+52
391  2.741e+52  2.703e+52  1.354e+52  1.354e+52
401  2.66e+52  2.626e+52  1.292e+52  1.292e+52
411  2.626e+52  2.591e+52  1.236e+52  1.236e+52
421  2.491e+52  2.466e+52  1.186e+52  1.186e+52
431  2.421e+52  2.405e+52  1.13e+52  1.13e+52
441  2.395e+52  2.381e+52  1.081e+52  1.081e+52
451  2.332e+52  2.325e+52  1.04e+52  1.04e+52
461  2.284e+52  2.281e+52  1e+52  1e+52
471  2.267e+52  2.263e+52  9.696e+51  9.696e+51
481  2.191e+52  2.187e+52  9.377e+51  9.377e+51
491  2.13e+52  2.129e+52  9.07e+51  9.07e+51
501  2.141e+52  2.145e+52  8.801e+51  8.801e+51
511  2.147e+52  2.155e+52  8.545e+51  8.545e+51
521  2.119e+52  2.124e+52  8.325e+51  8.325e+51
531  2.125e+52  2.125e+52  8.183e+51  8.183e+51
541  2.188e+52  2.185e+52  8.042e+51  8.042e+51
551  2.236e+52  2.225e+52  7.921e+51  7.921e+51
561  2.233e+52  2.217e+52  7.771e+51  7.771e+51
571  2.3e+52  2.285e+52  7.602e+51  7.602e+51
581  2.307e+52  2.293e+52  7.477e+51  7.477e+51
591  2.251e+52  2.241e+52  7.381e+51  7.381e+51
601  2.198e+52  2.193e+52  7.237e+51  7.237e+51
611  2.157e+52  2.15e+52  7.136e+51  7.136e+51
621  2.15e+52  2.141e+52  7.061e+51  7.061e+51
631  2.191e+52  2.184e+52  7.463e+51  7.463e+51
641  2.169e+52  2.164e+52  7.559e+51  7.559e+51
651  2.076e+52  2.078e+52  7.701e+51  7.701e+51
661  1.586e+52  1.628e+52  7.982e+51  7.982e+51
671  1.157e+52  1.312e+52  8.257e+51  8.257e+51
681  1.089e+52  1.337e+52  8.385e+51  8.385e+51
691  1.004e+52  1.246e+52  8.406e+51  8.406e+51
701  9.66e+51  1.193e+52  8.285e+51  8.285e+51
711  9.953e+51  1.252e+52  8.174e+51  8.174e+51
721  1.035e+52  1.302e+52  8.048e+51  8.048e+51
731  9.729e+51  1.214e+52  7.493e+51  7.493e+51
741  7.75e+51  9.648e+51  7.143e+51  7.143e+51
751  6.325e+51  7.866e+51  6.827e+51  6.827e+51
761  6.27e+51  7.776e+51  6.567e+51  6.567e+51
771  6.813e+51  8.467e+51  6.478e+51  6.478e+51
781  7.211e+51  9.031e+51  6.265e+51  6.265e+51
791  7.583e+51  9.431e+51  6.058e+51  6.058e+51
801  8.611e+51  1.053e+52  6.079e+51  6.079e+51
811  1.066e+52  1.298e+52  6.123e+51  6.123e+51
821  1.1e+52  1.355e+52  6.205e+51  6.205e+51
831  9.999e+51  1.2e+52  6.21e+51  6.21e+51
841  9.234e+51  1.088e+52  6.15e+51  6.15e+51
851  8.274e+51  1.005e+52  6.138e+51  6.138e+51
861  8.395e+51  1.031e+52  6.098e+51  6.098e+51
871  8.447e+51  1.031e+52  5.877e+51  5.877e+51
881  7.97e+51  9.72e+51  5.925e+51  5.925e+51
891  7.719e+51  9.509e+51  6.052e+51  6.052e+51
901  8.643e+51  1.076e+52  6.15e+51  6.15e+51
911  9.383e+51  1.16e+52  6.186e+51  6.186e+51
921  9.728e+51  1.176e+52  6.181e+51  6.181e+51
931  9.996e+51  1.202e+52  6.187e+51  6.187e+51
941  1.016e+52  1.231e+52  6.316e+51  6.316e+51
951  1.018e+52  1.224e+52  6.367e+51  6.367e+51
961  1.005e+52  1.206e+52  6.312e+51  6.312e+51
971  9.692e+51  1.178e+52  6.266e+51  6.266e+51
981  9.496e+51  1.161e+52  6.237e+51  6.237e+51
991  9.569e+51  1.167e+52  6.123e+51  6.123e+51
1001  9.662e+51  1.164e+52  5.896e+51  5.896e+51
1011  9.944e+51  1.189e+52  5.681e+51  5.681e+51
1021  1.032e+52  1.227e+52  5.507e+51  5.507e+51
1031  9.683e+51  1.143e+52  5.368e+51  5.368e+51
1041  8.595e+51  1.02e+52  5.238e+51  5.238e+51
1051  7.766e+51  9.383e+51  5.036e+51  5.036e+51
1061  7.225e+51  8.775e+51  4.84e+51  4.84e+51
1071  7.128e+51  8.767e+51  4.61e+51  4.61e+51
1081  7.418e+51  9.128e+51  4.316e+51  4.316e+51
1091  7.422e+51  8.894e+51  4.092e+51  4.092e+51
1101  7.155e+51  8.361e+51  4.002e+51  4.002e+51
1111  6.958e+51  8.107e+51  3.927e+51  3.927e+51
1121  6.466e+51  7.714e+51  3.807e+51  3.807e+51
1131  5.662e+51  6.85e+51  3.652e+51  3.652e+51
1141  5.36e+51  6.411e+51  3.488e+51  3.488e+51
1151  5.479e+51  6.531e+51  3.399e+51  3.399e+51
1161  5.394e+51  6.478e+51  3.331e+51  3.331e+51
1171  5.192e+51  6.257e+51  3.255e+51  3.255e+51
1181  5.365e+51  6.378e+51  3.207e+51  3.207e+51
1191  5.478e+51  6.432e+51  3.179e+51  3.179e+51
1201  5.438e+51  6.381e+51  3.15e+51  3.15e+51
1211  5.477e+51  6.459e+51  3.108e+51  3.108e+51
1221  5.498e+51  6.481e+51  3.092e+51  3.092e+51
1231  5.579e+51  6.482e+51  3.087e+51  3.087e+51
1241  5.604e+51  6.417e+51  3.051e+51  3.051e+51
1251  5.524e+51  6.354e+51  3.027e+51  3.027e+51
1261  5.502e+51  6.372e+51  3e+51  3e+51
1271  5.567e+51  6.356e+51  2.974e+51  2.974e+51
1281  5.52e+51  6.269e+51  2.953e+51  2.953e+51
1291  5.43e+51  6.308e+51  2.931e+51  2.931e+51
1301  5.473e+51  6.379e+51  2.902e+51  2.902e+51
1311  5.515e+51  6.383e+51  2.885e+51  2.885e+51
1321  5.491e+51  6.361e+51  2.862e+51  2.862e+51
1331  5.526e+51  6.414e+51  2.835e+51  2.835e+51
1341  5.472e+51  6.346e+51  2.818e+51  2.818e+51
1351  5.495e+51  6.445e+51  2.802e+51  2.802e+51
1361  5.528e+51  6.479e+51  2.777e+51  2.777e+51
1371  5.498e+51  6.333e+51  2.759e+51  2.759e+51
1381  5.489e+51  6.287e+51  2.733e+51  2.733e+51
1391  5.498e+51  6.313e+51  2.709e+51  2.709e+51
1401  5.456e+51  6.297e+51  2.691e+51  2.691e+51
1411  5.425e+51  6.23e+51  2.662e+51  2.662e+51
1421  5.411e+51  6.194e+51  2.641e+51  2.641e+51
1431  5.381e+51  6.095e+51  2.622e+51  2.622e+51
1441  5.36e+51  6.035e+51  2.603e+51  2.603e+51
1451  5.281e+51  6.08e+51  2.576e+51  2.576e+51
1461  5.258e+51  6.146e+51  2.555e+51  2.555e+51
1471  5.252e+51  6.226e+51  2.535e+51  2.535e+51
1481  5.221e+51  6.32e+51  2.515e+51  2.515e+51
1491  5.211e+51  6.202e+51  2.498e+51  2.498e+51
1501  5.198e+51  6.034e+51  2.48e+51  2.48e+51
1511  5.188e+51  5.985e+51  2.462e+51  2.462e+51
1521  4.927e+51  6.831e+51  2.431e+51  2.431e+51
1531  4.471e+51  8.016e+51  2.412e+51  2.412e+51
1541  4.51e+51  7.628e+51  2.387e+51  2.387e+51
1551  4.868e+51  5.93e+51  2.368e+51  2.368e+51
1561  4.74e+51  5.672e+51  2.352e+51  2.352e+51
1571  4.739e+51  5.634e+51  2.331e+51  2.331e+51
1581  4.829e+51  5.724e+51  2.314e+51  2.314e+51
1591  4.794e+51  5.675e+51  2.294e+51  2.294e+51
1601  4.813e+51  5.694e+51  2.274e+51  2.274e+51
1611  4.833e+51  5.715e+51  2.255e+51  2.255e+51
1621  4.822e+51  5.699e+51  2.254e+51  2.254e+51
1631  4.828e+51  5.701e+51  2.239e+51  2.239e+51
1641  4.806e+51  5.673e+51  2.232e+51  2.232e+51
1651  4.755e+51  5.616e+51  2.222e+51  2.222e+51
1661  4.761e+51  5.621e+51  2.21e+51  2.21e+51
1671  4.783e+51  5.642e+51  2.199e+51  2.199e+51
1681  4.788e+51  5.637e+51  2.193e+51  2.193e+51
1691  4.794e+51  5.635e+51  2.179e+51  2.179e+51
1701  4.758e+51  5.59e+51  2.169e+51  2.169e+51
1711  4.76e+51  5.592e+51  2.16e+51  2.16e+51
1721  4.799e+51  5.636e+51  2.14e+51  2.14e+51
1731  4.789e+51  5.621e+51  2.131e+51  2.131e+51
1741  4.721e+51  5.539e+51  2.117e+51  2.117e+51
1751  4.711e+51  5.53e+51  2.111e+51  2.111e+51
1761  4.635e+51  5.439e+51  2.102e+51  2.102e+51
1771  4.665e+51  5.433e+51  2.089e+51  2.089e+51
1781  4.753e+51  5.519e+51  2.074e+51  2.074e+51
1791  4.784e+51  5.577e+51  2.065e+51  2.065e+51
1801  4.785e+51  5.591e+51  2.056e+51  2.056e+51
1811  4.652e+51  5.444e+51  2.052e+51  2.052e+51
1821  4.6e+51  5.389e+51  2.056e+51  2.056e+51
1831  4.609e+51  5.401e+51  2.049e+51  2.049e+51
1841  4.588e+51  5.376e+51  2.046e+51  2.046e+51
1851  4.637e+51  5.435e+51  2.035e+51  2.035e+51
1861  4.686e+51  5.493e+51  2.026e+51  2.026e+51
1871  4.663e+51  5.467e+51  2.023e+51  2.023e+51
1881  4.653e+51  5.457e+51  2.009e+51  2.009e+51
1891  4.636e+51  5.438e+51  2.004e+51  2.004e+51
1901  4.571e+51  5.357e+51  1.991e+51  1.991e+51
1911  4.531e+51  5.302e+51  1.979e+51  1.979e+51
1921  4.473e+51  5.229e+51  1.968e+51  1.968e+51
1931  4.458e+51  5.212e+51  1.955e+51  1.955e+51
1941  4.448e+51  5.2e+51  1.942e+51  1.942e+51
1951  4.421e+51  5.168e+51  1.932e+51  1.932e+51
1961  4.469e+51  5.225e+51  1.923e+51  1.923e+51
1971  4.435e+51  5.184e+51  1.912e+51  1.912e+51
1981  4.401e+51  5.144e+51  1.91e+51  1.91e+51
1991  4.43e+51  5.186e+51  1.895e+51  1.895e+51
2001  4.428e+51  5.191e+51  1.891e+51  1.891e+51
2011  4.388e+51  5.138e+51  1.882e+51  1.882e+51
2021  4.399e+51  5.139e+51  1.873e+51  1.873e+51
2031  4.36e+51  5.054e+51  1.869e+51  1.869e+51
2041  4.338e+51  5.005e+51  1.863e+51  1.863e+51
2051  4.371e+51  5.061e+51  1.853e+51  1.853e+51
2061  4.361e+51  5.066e+51  1.843e+51  1.843e+51
2071  4.37e+51  5.084e+51  1.836e+51  1.836e+51
2081  4.361e+51  5.081e+51  1.826e+51  1.826e+51
2091  4.319e+51  5.038e+51  1.822e+51  1.822e+51
2101  4.266e+51  4.98e+51  1.816e+51  1.816e+51
2111  4.255e+51  4.969e+51  1.807e+51  1.807e+51
2121  4.272e+51  4.991e+51  1.799e+51  1.799e+51
2131  4.257e+51  4.974e+51  1.795e+51  1.795e+51
2141  4.258e+51  4.977e+51  1.785e+51  1.785e+51
2151  4.232e+51  4.947e+51  1.779e+51  1.779e+51
2161  4.225e+51  4.94e+51  1.776e+51  1.776e+51
2171  4.279e+51  5.002e+51  1.773e+51  1.773e+51
2181  4.247e+51  4.966e+51  1.767e+51  1.767e+51
2191  4.188e+51  4.898e+51  1.764e+51  1.764e+51
2201  4.179e+51  4.885e+51  1.756e+51  1.756e+51
2211  4.136e+51  4.832e+51  1.756e+51  1.756e+51
2221  4.066e+51  4.75e+51  1.75e+51  1.75e+51
2231  4.022e+51  4.693e+51  1.743e+51  1.743e+51
2241  4.001e+51  4.661e+51  1.741e+51  1.741e+51
2251  4.005e+51  4.665e+51  1.736e+51  1.736e+51
2261  3.999e+51  4.66e+51  1.727e+51  1.727e+51
2271  3.964e+51  4.618e+51  1.719e+51  1.719e+51
2281  3.964e+51  4.618e+51  1.716e+51  1.716e+51
2291  3.938e+51  4.585e+51  1.707e+51  1.707e+51
2301  3.866e+51  4.498e+51  1.704e+51  1.704e+51
2311  3.87e+51  4.502e+51  1.697e+51  1.697e+51
2321  3.92e+51  4.551e+51  1.693e+51  1.693e+51
2331  3.896e+51  4.485e+51  1.688e+51  1.688e+51
2341  3.9e+51  4.475e+51  1.683e+51  1.683e+51
2351  3.906e+51  4.505e+51  1.679e+51  1.679e+51
2361  3.891e+51  4.497e+51  1.678e+51  1.678e+51
2371  3.879e+51  4.489e+51  1.669e+51  1.669e+51
2381  3.892e+51  4.511e+51  1.662e+51  1.662e+51
2391  3.877e+51  4.499e+51  1.66e+51  1.66e+51
2401  3.847e+51  4.47e+51  1.655e+51  1.655e+51
2411  3.785e+51  4.401e+51  1.651e+51  1.651e+51
2421  3.764e+51  4.38e+51  1.647e+51  1.647e+51
2431  3.786e+51  4.406e+51  1.641e+51  1.641e+51
2441  3.805e+51  4.431e+51  1.634e+51  1.634e+51
2451  3.825e+51  4.455e+51  1.629e+51  1.629e+51
2461  3.828e+51  4.459e+51  1.627e+51  1.627e+51
2471  3.79e+51  4.416e+51  1.625e+51  1.625e+51
2481  3.764e+51  4.387e+51  1.617e+51  1.617e+51
2491  3.756e+51  4.376e+51  1.61e+51  1.61e+51
2501  3.77e+51  4.387e+51  1.603e+51  1.603e+51
2511  3.751e+51  4.361e+51  1.593e+51  1.593e+51
2521  3.671e+51  4.268e+51  1.584e+51  1.584e+51
2531  3.618e+51  4.207e+51  1.577e+51  1.577e+51
2541  3.637e+51  4.229e+51  1.572e+51  1.572e+51
2551  3.619e+51  4.211e+51  1.563e+51  1.563e+51
2561  3.597e+51  4.185e+51  1.555e+51  1.555e+51
2571  3.594e+51  4.182e+51  1.549e+51  1.549e+51
2581  3.616e+51  4.208e+51  1.549e+51  1.549e+51
2591  3.584e+51  4.171e+51  1.546e+51  1.546e+51
2601  3.57e+51  4.154e+51  1.544e+51  1.544e+51
2611  3.575e+51  4.16e+51  1.538e+51  1.538e+51
2621  3.583e+51  4.17e+51  1.537e+51  1.537e+51
2631  3.567e+51  4.151e+51  1.53e+51  1.53e+51
2641  3.568e+51  4.153e+51  1.526e+51  1.526e+51
2651  3.527e+51  4.105e+51  1.524e+51  1.524e+51
2661  3.492e+51  4.064e+51  1.52e+51  1.52e+51
2671  3.483e+51  4.053e+51  1.517e+51  1.517e+51
2681  3.472e+51  4.041e+51  1.514e+51  1.514e+51
2691  3.49e+51  4.061e+51  1.509e+51  1.509e+51
2701  3.477e+51  4.044e+51  1.504e+51  1.504e+51
2711  3.474e+51  4.04e+51  1.501e+51  1.501e+51
2721  3.498e+51  4.066e+51  1.501e+51  1.501e+51
2731  3.469e+51  4.03e+51  1.498e+51  1.498e+51
2741  3.427e+51  3.982e+51  1.495e+51  1.495e+51
2751  3.416e+51  3.968e+51  1.49e+51  1.49e+51
2761  3.448e+51  4.005e+51  1.485e+51  1.485e+51
2771  3.459e+51  4.013e+51  1.477e+51  1.477e+51
2781  3.415e+51  3.944e+51  1.471e+51  1.471e+51
2791  3.423e+51  3.909e+51  1.466e+51  1.466e+51
2801  3.414e+51  3.878e+51  1.459e+51  1.459e+51
2811  3.373e+51  3.851e+51  1.456e+51  1.456e+51
2821  3.378e+51  3.873e+51  1.449e+51  1.449e+51
2831  3.39e+51  3.895e+51  1.448e+51  1.448e+51
2841  3.339e+51  3.842e+51  1.44e+51  1.44e+51
2851  3.35e+51  3.858e+51  1.434e+51  1.434e+51
2861  3.397e+51  3.917e+51  1.432e+51  1.432e+51
2871  3.425e+51  3.954e+51  1.43e+51  1.43e+51
2881  3.345e+51  3.867e+51  1.423e+51  1.423e+51
2891  3.253e+51  3.764e+51  1.418e+51  1.418e+51
2901  3.291e+51  3.809e+51  1.415e+51  1.415e+51
2911  3.287e+51  3.805e+51  1.409e+51  1.409e+51
2921  3.237e+51  3.749e+51  1.406e+51  1.406e+51
2931  3.217e+51  3.727e+51  1.402e+51  1.402e+51
2941  3.212e+51  3.723e+51  1.404e+51  1.404e+51
2951  3.205e+51  3.715e+51  1.399e+51  1.399e+51
2961  3.245e+51  3.763e+51  1.393e+51  1.393e+51
2971  3.287e+51  3.813e+51  1.391e+51  1.391e+51
2981  3.278e+51  3.803e+51  1.392e+51  1.392e+51
2991  3.199e+51  3.713e+51  1.39e+51  1.39e+51
3001  3.15e+51  3.657e+51  1.385e+51  1.385e+51
3011  3.195e+51  3.711e+51  1.384e+51  1.384e+51
3021  3.221e+51  3.742e+51  1.374e+51  1.374e+51
3031  3.209e+51  3.729e+51  1.364e+51  1.364e+51
3041  3.14e+51  3.649e+51  1.36e+51  1.36e+51
3051  3.13e+51  3.638e+51  1.362e+51  1.362e+51
3061  3.103e+51  3.607e+51  1.358e+51  1.358e+51
3071  3.037e+51  3.531e+51  1.354e+51  1.354e+51
3081  3.093e+51  3.592e+51  1.35e+51  1.35e+51
3091  3.142e+51  3.645e+51  1.344e+51  1.344e+51
3101  3.105e+51  3.602e+51  1.344e+51  1.344e+51
3111  3.078e+51  3.571e+51  1.338e+51  1.338e+51
3121  3.098e+51  3.594e+51  1.342e+51  1.342e+51
3131  3.069e+51  3.564e+51  1.342e+51  1.342e+51
3141  3.05e+51  3.544e+51  1.336e+51  1.336e+51
3151  3.033e+51  3.524e+51  1.331e+51  1.331e+51
3161  3.069e+51  3.567e+51  1.329e+51  1.329e+51
3171  3.063e+51  3.56e+51  1.324e+51  1.324e+51
3181  3.024e+51  3.517e+51  1.319e+51  1.319e+51
3191  3.009e+51  3.503e+51  1.312e+51  1.312e+51
3201  3.006e+51  3.501e+51  1.307e+51  1.307e+51
3211  2.99e+51  3.483e+51  1.303e+51  1.303e+51
3221  2.966e+51  3.456e+51  1.299e+51  1.299e+51
3231  2.914e+51  3.395e+51  1.291e+51  1.291e+51
3241  2.886e+51  3.362e+51  1.282e+51  1.282e+51
3251  2.902e+51  3.382e+51  1.276e+51  1.276e+51
3261  2.942e+51  3.428e+51  1.273e+51  1.273e+51
3271  2.921e+51  3.403e+51  1.266e+51  1.266e+51
3281  2.819e+51  3.284e+51  1.263e+51  1.263e+51
3291  2.809e+51  3.272e+51  1.259e+51  1.259e+51
3301  2.88e+51  3.354e+51  1.259e+51  1.259e+51
3311  2.866e+51  3.336e+51  1.255e+51  1.255e+51
3321  2.844e+51  3.312e+51  1.244e+51  1.244e+51
3331  2.813e+51  3.278e+51  1.247e+51  1.247e+51
3341  2.822e+51  3.287e+51  1.252e+51  1.252e+51
3351  2.827e+51  3.288e+51  1.253e+51  1.253e+51
3361  2.767e+51  3.212e+51  1.25e+51  1.25e+51
3371  2.825e+51  3.257e+51  1.251e+51  1.251e+51
3381  2.921e+51  3.328e+51  1.248e+51  1.248e+51
3391  2.901e+51  3.288e+51  1.245e+51  1.245e+51
3401  2.868e+51  3.268e+51  1.239e+51  1.239e+51
3411  2.848e+51  3.26e+51  1.238e+51  1.238e+51
3421  2.823e+51  3.242e+51  1.239e+51  1.239e+51
3431  2.754e+51  3.169e+51  1.229e+51  1.229e+51
3441  2.738e+51  3.156e+51  1.223e+51  1.223e+51
3451  2.77e+51  3.197e+51  1.21e+51  1.21e+51
3461  2.766e+51  3.196e+51  1.198e+51  1.198e+51
3471  2.727e+51  3.153e+51  1.185e+51  1.185e+51
3481  2.723e+51  3.15e+51  1.175e+51  1.175e+51
3491  2.676e+51  3.097e+51  1.167e+51  1.167e+51
