1.0249  4.580E+00  4.724E+00  4.761E+00  4.761E+00
2.026  4.654E+00  4.740E+00  4.773E+00  4.773E+00
3.088  4.727E+00  4.760E+00  4.788E+00  4.788E+00
4.014  4.760E+00  4.768E+00  4.795E+00  4.795E+00
5.126  4.790E+00  4.775E+00  4.804E+00  4.804E+00
6.364  4.805E+00  4.776E+00  4.809E+00  4.809E+00
7.217  4.823E+00  4.781E+00  4.817E+00  4.817E+00
8.167  4.813E+00  4.781E+00  4.817E+00  4.817E+00
9.069  4.830E+00  4.783E+00  4.822E+00  4.822E+00
10.25  4.828E+00  4.785E+00  4.824E+00  4.824E+00
11.13  4.840E+00  4.789E+00  4.828E+00  4.828E+00
12.25  4.829E+00  4.790E+00  4.828E+00  4.828E+00
13.39  4.842E+00  4.791E+00  4.834E+00  4.834E+00
14.52  4.830E+00  4.790E+00  4.834E+00  4.834E+00
15.08  4.822E+00  4.789E+00  4.834E+00  4.834E+00
16.1  4.835E+00  4.792E+00  4.838E+00  4.838E+00
17.01  4.825E+00  4.791E+00  4.838E+00  4.838E+00
18.29  4.823E+00  4.792E+00  4.839E+00  4.839E+00
19.39  4.826E+00  4.794E+00  4.842E+00  4.842E+00
20.51  4.815E+00  4.793E+00  4.842E+00  4.842E+00
21.07  4.807E+00  4.793E+00  4.842E+00  4.842E+00
22.19  4.815E+00  4.795E+00  4.845E+00  4.845E+00
23.3  4.821E+00  4.797E+00  4.848E+00  4.848E+00
24.4  4.811E+00  4.797E+00  4.848E+00  4.848E+00
25.5  4.801E+00  4.795E+00  4.848E+00  4.848E+00
26.05  4.794E+00  4.794E+00  4.848E+00  4.848E+00
27.13  4.808E+00  4.798E+00  4.852E+00  4.852E+00
28.04  4.826E+00  4.804E+00  4.857E+00  4.857E+00
29.12  4.827E+00  4.806E+00  4.859E+00  4.859E+00
30.43  4.831E+00  4.806E+00  4.861E+00  4.861E+00
31.54  4.833E+00  4.804E+00  4.863E+00  4.863E+00
32.1  4.825E+00  4.803E+00  4.863E+00  4.863E+00
33.2  4.847E+00  4.806E+00  4.866E+00  4.866E+00
34.29  4.835E+00  4.804E+00  4.866E+00  4.866E+00
35.38  4.824E+00  4.802E+00  4.866E+00  4.866E+00
36.47  4.853E+00  4.809E+00  4.871E+00  4.871E+00
37.02  4.844E+00  4.807E+00  4.871E+00  4.871E+00
38.11  4.837E+00  4.805E+00  4.871E+00  4.871E+00
39.21  4.827E+00  4.802E+00  4.871E+00  4.871E+00
40.31  4.859E+00  4.814E+00  4.878E+00  4.878E+00
41.4  4.848E+00  4.811E+00  4.878E+00  4.878E+00
42.48  4.838E+00  4.809E+00  4.878E+00  4.878E+00
43.02  4.831E+00  4.808E+00  4.878E+00  4.878E+00
44.1  4.824E+00  4.807E+00  4.878E+00  4.878E+00
45.19  4.869E+00  4.820E+00  4.884E+00  4.884E+00
46.28  4.859E+00  4.819E+00  4.884E+00  4.884E+00
47.05  4.870E+00  4.826E+00  4.885E+00  4.885E+00
48.19  4.867E+00  4.830E+00  4.885E+00  4.885E+00
49.45  4.884E+00  4.835E+00  4.889E+00  4.889E+00
50.53  4.883E+00  4.835E+00  4.891E+00  4.891E+00
51.07  4.876E+00  4.835E+00  4.891E+00  4.891E+00
52.14  4.896E+00  4.839E+00  4.894E+00  4.894E+00
53.22  4.914E+00  4.842E+00  4.897E+00  4.897E+00
54.3  4.903E+00  4.839E+00  4.897E+00  4.897E+00
55.39  4.894E+00  4.837E+00  4.897E+00  4.897E+00
56.48  4.934E+00  4.846E+00  4.900E+00  4.900E+00
57.02  4.927E+00  4.845E+00  4.900E+00  4.900E+00
58.11  4.920E+00  4.844E+00  4.900E+00  4.900E+00
59.18  4.912E+00  4.843E+00  4.899E+00  4.899E+00
60.26  4.904E+00  4.843E+00  4.898E+00  4.898E+00
61.35  4.953E+00  4.853E+00  4.909E+00  4.909E+00
62.43  4.940E+00  4.848E+00  4.910E+00  4.910E+00
63.52  4.930E+00  4.844E+00  4.910E+00  4.910E+00
64.06  4.924E+00  4.842E+00  4.910E+00  4.910E+00
65.15  4.919E+00  4.841E+00  4.910E+00  4.910E+00
66.22  4.948E+00  4.851E+00  4.915E+00  4.915E+00
67.29  4.979E+00  4.859E+00  4.918E+00  4.918E+00
68.36  4.970E+00  4.857E+00  4.918E+00  4.918E+00
69.43  4.957E+00  4.854E+00  4.918E+00  4.918E+00
70.5  4.944E+00  4.852E+00  4.918E+00  4.918E+00
71.04  4.938E+00  4.850E+00  4.918E+00  4.918E+00
72.12  5.003E+00  4.871E+00  4.933E+00  4.933E+00
73.2  4.994E+00  4.869E+00  4.933E+00  4.933E+00
74.27  4.985E+00  4.866E+00  4.933E+00  4.933E+00
75.35  4.976E+00  4.864E+00  4.933E+00  4.933E+00
76.42  4.967E+00  4.862E+00  4.933E+00  4.933E+00
77.49  5.026E+00  4.881E+00  4.946E+00  4.946E+00
78.03  5.018E+00  4.878E+00  4.946E+00  4.946E+00
79.1  5.011E+00  4.876E+00  4.945E+00  4.945E+00
80.19  5.001E+00  4.874E+00  4.944E+00  4.944E+00
81.27  4.991E+00  4.872E+00  4.943E+00  4.943E+00
82.35  5.018E+00  4.882E+00  4.952E+00  4.952E+00
83.1  5.045E+00  4.894E+00  4.960E+00  4.960E+00
84.02  5.049E+00  4.898E+00  4.965E+00  4.965E+00
85.05  5.057E+00  4.901E+00  4.971E+00  4.971E+00
86.47  5.064E+00  4.901E+00  4.973E+00  4.973E+00
87  5.077E+00  4.903E+00  4.976E+00  4.976E+00
88.08  5.071E+00  4.899E+00  4.976E+00  4.976E+00
89.16  5.084E+00  4.902E+00  4.979E+00  4.979E+00
90.24  5.096E+00  4.906E+00  4.981E+00  4.981E+00
91.31  5.087E+00  4.901E+00  4.981E+00  4.981E+00
92.38  5.078E+00  4.898E+00  4.981E+00  4.981E+00
93.44  5.121E+00  4.912E+00  4.988E+00  4.988E+00
94.51  5.113E+00  4.907E+00  4.988E+00  4.988E+00
95.05  5.107E+00  4.904E+00  4.988E+00  4.988E+00
96.12  5.101E+00  4.901E+00  4.988E+00  4.988E+00
97.2  5.093E+00  4.897E+00  4.988E+00  4.988E+00
98.28  5.145E+00  4.920E+00  5.004E+00  5.004E+00
99.35  5.137E+00  4.915E+00  5.004E+00  5.004E+00
100.4  5.129E+00  4.910E+00  5.004E+00  5.004E+00
101.5  5.121E+00  4.906E+00  5.003E+00  5.003E+00
102  5.116E+00  4.903E+00  5.003E+00  5.003E+00
103.1  5.143E+00  4.915E+00  5.009E+00  5.009E+00
104.2  5.166E+00  4.927E+00  5.013E+00  5.013E+00
105.2  5.159E+00  4.922E+00  5.013E+00  5.013E+00
106.3  5.151E+00  4.917E+00  5.013E+00  5.013E+00
107.4  5.144E+00  4.913E+00  5.013E+00  5.013E+00
108.5  5.168E+00  4.923E+00  5.021E+00  5.021E+00
109.5  5.191E+00  4.935E+00  5.028E+00  5.028E+00
110.1  5.186E+00  4.931E+00  5.028E+00  5.028E+00
111.1  5.181E+00  4.927E+00  5.028E+00  5.028E+00
112.2  5.174E+00  4.922E+00  5.028E+00  5.028E+00
113.3  5.168E+00  4.918E+00  5.028E+00  5.028E+00
114.3  5.224E+00  4.950E+00  5.040E+00  5.040E+00
115.4  5.218E+00  4.944E+00  5.040E+00  5.040E+00
116.5  5.211E+00  4.938E+00  5.040E+00  5.040E+00
117  5.207E+00  4.935E+00  5.040E+00  5.040E+00
118.1  5.202E+00  4.931E+00  5.040E+00  5.040E+00
119.1  5.226E+00  4.943E+00  5.050E+00  5.050E+00
120.2  5.247E+00  4.956E+00  5.058E+00  5.058E+00
121.2  5.242E+00  4.950E+00  5.058E+00  5.058E+00
122.3  5.236E+00  4.944E+00  5.058E+00  5.058E+00
123.4  5.230E+00  4.939E+00  5.058E+00  5.058E+00
124.4  5.256E+00  4.952E+00  5.065E+00  5.065E+00
125.5  5.280E+00  4.966E+00  5.072E+00  5.072E+00
126.2  5.276E+00  4.961E+00  5.072E+00  5.072E+00
127.1  5.297E+00  4.975E+00  5.083E+00  5.083E+00
128.1  5.293E+00  4.968E+00  5.083E+00  5.083E+00
129.5  5.312E+00  4.980E+00  5.087E+00  5.087E+00
130.5  5.316E+00  4.980E+00  5.089E+00  5.089E+00
131  5.313E+00  4.975E+00  5.089E+00  5.089E+00
132.1  5.331E+00  4.984E+00  5.094E+00  5.094E+00
133.1  5.347E+00  4.991E+00  5.100E+00  5.100E+00
134.1  5.342E+00  4.985E+00  5.100E+00  5.100E+00
135.2  5.338E+00  4.980E+00  5.099E+00  5.099E+00
136.2  5.363E+00  4.988E+00  5.104E+00  5.104E+00
137.3  5.386E+00  4.997E+00  5.108E+00  5.108E+00
138.3  5.382E+00  4.992E+00  5.108E+00  5.108E+00
139.3  5.378E+00  4.987E+00  5.108E+00  5.108E+00
140.3  5.374E+00  4.982E+00  5.108E+00  5.108E+00
141.4  5.404E+00  4.997E+00  5.117E+00  5.117E+00
142.4  5.431E+00  5.014E+00  5.127E+00  5.127E+00
143.4  5.427E+00  5.008E+00  5.127E+00  5.127E+00
144.4  5.423E+00  5.003E+00  5.126E+00  5.126E+00
145.4  5.420E+00  4.997E+00  5.126E+00  5.126E+00
146.5  5.453E+00  5.010E+00  5.134E+00  5.134E+00
147.5  5.482E+00  5.024E+00  5.141E+00  5.141E+00
148.5  5.479E+00  5.018E+00  5.140E+00  5.140E+00
149.5  5.475E+00  5.013E+00  5.141E+00  5.141E+00
150.5  5.472E+00  5.007E+00  5.141E+00  5.141E+00
151.5  5.508E+00  5.021E+00  5.153E+00  5.153E+00
152.5  5.540E+00  5.036E+00  5.165E+00  5.165E+00
153  5.537E+00  5.031E+00  5.165E+00  5.165E+00
154  5.535E+00  5.027E+00  5.165E+00  5.165E+00
155  5.532E+00  5.021E+00  5.165E+00  5.165E+00
156.5  5.555E+00  5.028E+00  5.170E+00  5.170E+00
157.5  5.600E+00  5.048E+00  5.180E+00  5.180E+00
158.5  5.596E+00  5.042E+00  5.181E+00  5.181E+00
159.4  5.593E+00  5.037E+00  5.181E+00  5.181E+00
160.4  5.590E+00  5.032E+00  5.181E+00  5.181E+00
161.4  5.631E+00  5.046E+00  5.191E+00  5.191E+00
162.3  5.667E+00  5.059E+00  5.201E+00  5.201E+00
163.3  5.665E+00  5.054E+00  5.201E+00  5.201E+00
164.3  5.662E+00  5.048E+00  5.201E+00  5.201E+00
165.2  5.660E+00  5.044E+00  5.201E+00  5.201E+00
166.2  5.700E+00  5.060E+00  5.216E+00  5.216E+00
167.1  5.735E+00  5.078E+00  5.230E+00  5.230E+00
168.1  5.733E+00  5.072E+00  5.230E+00  5.230E+00
169  5.730E+00  5.068E+00  5.230E+00  5.230E+00
170.5  5.727E+00  5.062E+00  5.230E+00  5.230E+00
171.4  5.799E+00  5.104E+00  5.248E+00  5.248E+00
172.3  5.797E+00  5.099E+00  5.248E+00  5.248E+00
173.3  5.795E+00  5.094E+00  5.248E+00  5.248E+00
174.2  5.793E+00  5.090E+00  5.248E+00  5.248E+00
175.1  5.791E+00  5.086E+00  5.248E+00  5.248E+00
176.1  5.867E+00  5.116E+00  5.270E+00  5.270E+00
177  5.865E+00  5.111E+00  5.270E+00  5.270E+00
178.4  5.863E+00  5.106E+00  5.270E+00  5.270E+00
179.3  5.861E+00  5.100E+00  5.270E+00  5.270E+00
180.2  5.901E+00  5.116E+00  5.283E+00  5.283E+00
181.1  5.937E+00  5.131E+00  5.295E+00  5.295E+00
182.1  5.935E+00  5.127E+00  5.295E+00  5.295E+00
183.4  5.933E+00  5.121E+00  5.295E+00  5.295E+00
184.3  5.931E+00  5.115E+00  5.295E+00  5.295E+00
185.2  6.003E+00  5.156E+00  5.319E+00  5.319E+00
186.1  6.001E+00  5.152E+00  5.319E+00  5.319E+00
187  6.000E+00  5.147E+00  5.319E+00  5.319E+00
188.4  5.999E+00  5.142E+00  5.319E+00  5.319E+00
189.3  6.044E+00  5.156E+00  5.333E+00  5.333E+00
190.2  6.084E+00  5.171E+00  5.347E+00  5.347E+00
191.1  6.083E+00  5.167E+00  5.346E+00  5.346E+00
192.1  6.119E+00  5.189E+00  5.363E+00  5.363E+00
193.1  6.117E+00  5.184E+00  5.363E+00  5.363E+00
194.4  6.160E+00  5.194E+00  5.376E+00  5.376E+00
195.2  6.177E+00  5.197E+00  5.381E+00  5.381E+00
196.1  6.176E+00  5.193E+00  5.381E+00  5.381E+00
197.4  6.199E+00  5.200E+00  5.384E+00  5.384E+00
198.3  6.244E+00  5.217E+00  5.389E+00  5.389E+00
199.2  6.244E+00  5.214E+00  5.389E+00  5.389E+00
200  6.243E+00  5.211E+00  5.389E+00  5.389E+00
201.3  6.241E+00  5.206E+00  5.389E+00  5.389E+00
202.2  6.348E+00  5.239E+00  5.423E+00  5.423E+00
203  6.347E+00  5.236E+00  5.423E+00  5.423E+00
204.3  6.346E+00  5.231E+00  5.423E+00  5.423E+00
205.1  6.345E+00  5.227E+00  5.423E+00  5.423E+00
206.4  6.421E+00  5.249E+00  5.434E+00  5.434E+00
207.2  6.455E+00  5.258E+00  5.439E+00  5.439E+00
208.1  6.454E+00  5.255E+00  5.439E+00  5.439E+00
209.3  6.453E+00  5.252E+00  5.439E+00  5.439E+00
210.2  6.509E+00  5.267E+00  5.456E+00  5.456E+00
211.4  6.558E+00  5.283E+00  5.473E+00  5.473E+00
212.2  6.557E+00  5.278E+00  5.473E+00  5.473E+00
213  6.557E+00  5.275E+00  5.473E+00  5.473E+00
214.3  6.599E+00  5.283E+00  5.481E+00  5.481E+00
215.1  6.672E+00  5.300E+00  5.496E+00  5.496E+00
216.3  6.672E+00  5.297E+00  5.496E+00  5.496E+00
217.1  6.671E+00  5.293E+00  5.496E+00  5.496E+00
218.3  6.708E+00  5.305E+00  5.511E+00  5.511E+00
219.1  6.774E+00  5.331E+00  5.541E+00  5.541E+00
220.3  6.774E+00  5.328E+00  5.541E+00  5.541E+00
221.1  6.773E+00  5.325E+00  5.541E+00  5.541E+00
222.3  6.817E+00  5.334E+00  5.553E+00  5.553E+00
223  6.895E+00  5.354E+00  5.577E+00  5.577E+00
224.2  6.894E+00  5.351E+00  5.576E+00  5.576E+00
225.4  6.894E+00  5.347E+00  5.576E+00  5.576E+00
226.1  6.949E+00  5.367E+00  5.595E+00  5.595E+00
227.3  6.998E+00  5.386E+00  5.613E+00  5.613E+00
228  6.997E+00  5.384E+00  5.613E+00  5.613E+00
229.2  6.997E+00  5.382E+00  5.613E+00  5.613E+00
230.3  7.087E+00  5.403E+00  5.640E+00  5.640E+00
231.1  7.126E+00  5.412E+00  5.654E+00  5.654E+00
232.2  7.126E+00  5.409E+00  5.654E+00  5.654E+00
233.3  7.195E+00  5.428E+00  5.676E+00  5.676E+00
234  7.226E+00  5.437E+00  5.687E+00  5.687E+00
235.1  7.226E+00  5.435E+00  5.687E+00  5.687E+00
236.3  7.276E+00  5.444E+00  5.696E+00  5.696E+00
237.3  7.367E+00  5.466E+00  5.716E+00  5.716E+00
238.1  7.367E+00  5.464E+00  5.716E+00  5.716E+00
239.2  7.439E+00  5.482E+00  5.736E+00  5.736E+00
240.2  7.472E+00  5.488E+00  5.746E+00  5.746E+00
241.3  7.555E+00  5.504E+00  5.760E+00  5.760E+00
242  7.592E+00  5.511E+00  5.766E+00  5.766E+00
243.1  7.630E+00  5.517E+00  5.776E+00  5.776E+00
244.1  7.700E+00  5.530E+00  5.795E+00  5.795E+00
245.1  7.765E+00  5.542E+00  5.814E+00  5.814E+00
246.2  7.796E+00  5.547E+00  5.824E+00  5.824E+00
247.1  7.870E+00  5.569E+00  5.851E+00  5.851E+00
248.1  7.904E+00  5.575E+00  5.857E+00  5.857E+00
249  7.968E+00  5.588E+00  5.868E+00  5.868E+00
250.3  8.030E+00  5.601E+00  5.885E+00  5.885E+00
251.1  8.096E+00  5.616E+00  5.904E+00  5.904E+00
252  8.143E+00  5.627E+00  5.920E+00  5.920E+00
253.1  8.205E+00  5.640E+00  5.937E+00  5.937E+00
254.2  8.272E+00  5.654E+00  5.944E+00  5.944E+00
255.2  8.354E+00  5.665E+00  5.954E+00  5.954E+00
256.2  8.420E+00  5.675E+00  5.965E+00  5.965E+00
257.2  8.489E+00  5.685E+00  5.980E+00  5.980E+00
258.1  8.551E+00  5.693E+00  5.982E+00  5.982E+00
259  8.625E+00  5.703E+00  5.992E+00  5.992E+00
260.1  8.695E+00  5.712E+00  6.006E+00  6.006E+00
261.1  8.762E+00  5.725E+00  6.020E+00  6.020E+00
262  8.823E+00  5.738E+00  6.031E+00  6.031E+00
263.1  8.882E+00  5.755E+00  6.046E+00  6.046E+00
264  8.942E+00  5.773E+00  6.066E+00  6.066E+00
265  9.006E+00  5.791E+00  6.091E+00  6.091E+00
266.1  9.072E+00  5.808E+00  6.118E+00  6.118E+00
267  9.141E+00  5.825E+00  6.141E+00  6.141E+00
268  9.186E+00  5.841E+00  6.159E+00  6.159E+00
269  9.177E+00  5.853E+00  6.173E+00  6.173E+00
270  9.114E+00  5.862E+00  6.180E+00  6.180E+00
271  9.049E+00  5.869E+00  6.172E+00  6.172E+00
272  9.046E+00  5.878E+00  6.163E+00  6.163E+00
273  9.136E+00  5.894E+00  6.184E+00  6.184E+00
274  9.314E+00  5.907E+00  6.169E+00  6.169E+00
275  9.565E+00  5.718E+00  6.473E+00  6.473E+00
276  9.866E+00  6.339E+00  8.015E+00  8.015E+00
277  1.049E+01  6.942E+00  9.888E+00  9.888E+00
278  1.150E+01  7.294E+00  1.165E+01  1.165E+01
279  1.227E+01  7.886E+00  1.282E+01  1.282E+01
280  1.271E+01  9.406E+00  1.349E+01  1.349E+01
281  1.286E+01  1.038E+01  1.408E+01  1.408E+01
282  1.273E+01  1.072E+01  1.466E+01  1.466E+01
283  1.241E+01  1.077E+01  1.517E+01  1.517E+01
284  1.206E+01  1.080E+01  1.552E+01  1.552E+01
285  1.175E+01  1.086E+01  1.573E+01  1.573E+01
286  1.147E+01  1.090E+01  1.606E+01  1.606E+01
287  1.126E+01  1.101E+01  1.679E+01  1.679E+01
288  1.118E+01  1.135E+01  1.786E+01  1.786E+01
289  1.119E+01  1.191E+01  1.892E+01  1.892E+01
290  1.118E+01  1.235E+01  1.974E+01  1.974E+01
291  1.101E+01  1.251E+01  2.015E+01  2.015E+01
292  1.069E+01  1.244E+01  2.020E+01  2.020E+01
293  1.032E+01  1.227E+01  2.001E+01  2.001E+01
294  9.976E+00  1.209E+01  1.966E+01  1.966E+01
295  9.698E+00  1.193E+01  1.920E+01  1.920E+01
296  9.505E+00  1.183E+01  1.871E+01  1.871E+01
297  9.389E+00  1.180E+01  1.824E+01  1.824E+01
298  9.325E+00  1.181E+01  1.782E+01  1.782E+01
299  9.290E+00  1.185E+01  1.744E+01  1.744E+01
300  9.652E+00  1.209E+01  1.762E+01  1.762E+01
301  9.571E+00  1.209E+01  1.744E+01  1.744E+01
302  9.501E+00  1.209E+01  1.724E+01  1.724E+01
303  9.447E+00  1.209E+01  1.704E+01  1.704E+01
304  9.412E+00  1.210E+01  1.685E+01  1.685E+01
305  9.392E+00  1.212E+01  1.669E+01  1.669E+01
306  9.383E+00  1.215E+01  1.655E+01  1.655E+01
307  9.380E+00  1.217E+01  1.643E+01  1.643E+01
308  9.379E+00  1.219E+01  1.634E+01  1.634E+01
309  9.377E+00  1.219E+01  1.627E+01  1.627E+01
310  9.372E+00  1.218E+01  1.622E+01  1.622E+01
311  9.365E+00  1.216E+01  1.619E+01  1.619E+01
312  9.354E+00  1.213E+01  1.616E+01  1.616E+01
313  9.341E+00  1.209E+01  1.615E+01  1.615E+01
314  9.327E+00  1.205E+01  1.615E+01  1.615E+01
315  9.312E+00  1.200E+01  1.616E+01  1.616E+01
316  9.297E+00  1.195E+01  1.617E+01  1.617E+01
317  9.283E+00  1.191E+01  1.618E+01  1.618E+01
318  9.267E+00  1.186E+01  1.620E+01  1.620E+01
319  9.250E+00  1.181E+01  1.622E+01  1.622E+01
320  9.228E+00  1.177E+01  1.624E+01  1.624E+01
321  9.204E+00  1.172E+01  1.625E+01  1.625E+01
322  9.178E+00  1.166E+01  1.627E+01  1.627E+01
323  9.152E+00  1.161E+01  1.629E+01  1.629E+01
324  9.125E+00  1.156E+01  1.630E+01  1.630E+01
325  9.098E+00  1.151E+01  1.632E+01  1.632E+01
326  9.073E+00  1.146E+01  1.633E+01  1.633E+01
327  9.053E+00  1.142E+01  1.633E+01  1.633E+01
328  9.038E+00  1.139E+01  1.634E+01  1.634E+01
329  9.028E+00  1.137E+01  1.633E+01  1.633E+01
330  9.023E+00  1.136E+01  1.633E+01  1.633E+01
331  9.022E+00  1.137E+01  1.633E+01  1.633E+01
332  9.025E+00  1.138E+01  1.633E+01  1.633E+01
333  9.033E+00  1.140E+01  1.633E+01  1.633E+01
334  9.046E+00  1.143E+01  1.633E+01  1.633E+01
335  9.063E+00  1.147E+01  1.633E+01  1.633E+01
336  9.082E+00  1.150E+01  1.633E+01  1.633E+01
337  9.101E+00  1.154E+01  1.633E+01  1.633E+01
338  9.118E+00  1.158E+01  1.633E+01  1.633E+01
339  9.136E+00  1.162E+01  1.634E+01  1.634E+01
340  9.154E+00  1.165E+01  1.634E+01  1.634E+01
341  9.175E+00  1.168E+01  1.635E+01  1.635E+01
342  9.195E+00  1.171E+01  1.635E+01  1.635E+01
343  9.214E+00  1.174E+01  1.635E+01  1.635E+01
344  9.234E+00  1.176E+01  1.636E+01  1.636E+01
345  9.255E+00  1.179E+01  1.637E+01  1.637E+01
346  9.279E+00  1.182E+01  1.637E+01  1.637E+01
347  9.305E+00  1.184E+01  1.638E+01  1.638E+01
348  9.332E+00  1.187E+01  1.638E+01  1.638E+01
349  9.359E+00  1.190E+01  1.639E+01  1.639E+01
350  9.385E+00  1.192E+01  1.640E+01  1.640E+01
351  9.411E+00  1.195E+01  1.641E+01  1.641E+01
352  9.436E+00  1.197E+01  1.642E+01  1.642E+01
353  9.461E+00  1.199E+01  1.643E+01  1.643E+01
354  9.484E+00  1.201E+01  1.644E+01  1.644E+01
355  9.505E+00  1.202E+01  1.644E+01  1.644E+01
356  9.526E+00  1.204E+01  1.645E+01  1.645E+01
357  9.548E+00  1.206E+01  1.646E+01  1.646E+01
358  9.573E+00  1.208E+01  1.647E+01  1.647E+01
359  9.600E+00  1.210E+01  1.648E+01  1.648E+01
360  9.627E+00  1.212E+01  1.649E+01  1.649E+01
361  9.654E+00  1.214E+01  1.650E+01  1.650E+01
362  9.683E+00  1.217E+01  1.651E+01  1.651E+01
363  9.714E+00  1.219E+01  1.653E+01  1.653E+01
364  9.746E+00  1.222E+01  1.654E+01  1.654E+01
365  9.777E+00  1.224E+01  1.655E+01  1.655E+01
366  9.808E+00  1.226E+01  1.656E+01  1.656E+01
367  9.838E+00  1.229E+01  1.657E+01  1.657E+01
368  9.866E+00  1.231E+01  1.658E+01  1.658E+01
369  9.893E+00  1.233E+01  1.659E+01  1.659E+01
370  9.917E+00  1.235E+01  1.660E+01  1.660E+01
371  9.941E+00  1.237E+01  1.661E+01  1.661E+01
372  9.966E+00  1.239E+01  1.662E+01  1.662E+01
373  9.992E+00  1.241E+01  1.663E+01  1.663E+01
374  1.002E+01  1.243E+01  1.665E+01  1.665E+01
375  1.005E+01  1.245E+01  1.666E+01  1.666E+01
376  1.008E+01  1.248E+01  1.668E+01  1.668E+01
377  1.012E+01  1.250E+01  1.669E+01  1.669E+01
378  1.015E+01  1.253E+01  1.671E+01  1.671E+01
379  1.018E+01  1.255E+01  1.672E+01  1.672E+01
380  1.021E+01  1.258E+01  1.674E+01  1.674E+01
381  1.024E+01  1.260E+01  1.676E+01  1.676E+01
382  1.026E+01  1.262E+01  1.677E+01  1.677E+01
383  1.029E+01  1.265E+01  1.678E+01  1.678E+01
384  1.032E+01  1.267E+01  1.679E+01  1.679E+01
385  1.035E+01  1.269E+01  1.680E+01  1.680E+01
386  1.037E+01  1.271E+01  1.682E+01  1.682E+01
387  1.040E+01  1.273E+01  1.683E+01  1.683E+01
388  1.042E+01  1.275E+01  1.685E+01  1.685E+01
389  1.045E+01  1.277E+01  1.686E+01  1.686E+01
390  1.047E+01  1.278E+01  1.688E+01  1.688E+01
391  1.049E+01  1.280E+01  1.689E+01  1.689E+01
392  1.052E+01  1.282E+01  1.691E+01  1.691E+01
393  1.055E+01  1.285E+01  1.692E+01  1.692E+01
394  1.058E+01  1.287E+01  1.694E+01  1.694E+01
395  1.061E+01  1.290E+01  1.696E+01  1.696E+01
396  1.064E+01  1.292E+01  1.698E+01  1.698E+01
397  1.067E+01  1.294E+01  1.699E+01  1.699E+01
398  1.070E+01  1.297E+01  1.701E+01  1.701E+01
399  1.073E+01  1.300E+01  1.702E+01  1.702E+01
400  1.076E+01  1.302E+01  1.703E+01  1.703E+01
401  1.078E+01  1.304E+01  1.704E+01  1.704E+01
402  1.080E+01  1.305E+01  1.706E+01  1.706E+01
403  1.083E+01  1.307E+01  1.707E+01  1.707E+01
404  1.085E+01  1.309E+01  1.709E+01  1.709E+01
405  1.088E+01  1.311E+01  1.710E+01  1.710E+01
406  1.091E+01  1.313E+01  1.712E+01  1.712E+01
407  1.094E+01  1.315E+01  1.714E+01  1.714E+01
408  1.097E+01  1.318E+01  1.716E+01  1.716E+01
409  1.101E+01  1.321E+01  1.718E+01  1.718E+01
410  1.104E+01  1.324E+01  1.719E+01  1.719E+01
411  1.107E+01  1.326E+01  1.721E+01  1.721E+01
412  1.110E+01  1.329E+01  1.723E+01  1.723E+01
413  1.113E+01  1.331E+01  1.724E+01  1.724E+01
414  1.116E+01  1.333E+01  1.725E+01  1.725E+01
415  1.119E+01  1.335E+01  1.727E+01  1.727E+01
416  1.121E+01  1.338E+01  1.728E+01  1.728E+01
417  1.124E+01  1.340E+01  1.730E+01  1.730E+01
418  1.127E+01  1.342E+01  1.731E+01  1.731E+01
419  1.130E+01  1.344E+01  1.733E+01  1.733E+01
420  1.133E+01  1.347E+01  1.734E+01  1.734E+01
421  1.136E+01  1.349E+01  1.736E+01  1.736E+01
422  1.139E+01  1.352E+01  1.738E+01  1.738E+01
423  1.143E+01  1.355E+01  1.740E+01  1.740E+01
424  1.146E+01  1.358E+01  1.742E+01  1.742E+01
425  1.150E+01  1.361E+01  1.743E+01  1.743E+01
426  1.154E+01  1.364E+01  1.745E+01  1.745E+01
427  1.157E+01  1.367E+01  1.747E+01  1.747E+01
428  1.161E+01  1.370E+01  1.748E+01  1.748E+01
429  1.165E+01  1.373E+01  1.750E+01  1.750E+01
430  1.168E+01  1.376E+01  1.752E+01  1.752E+01
431  1.170E+01  1.378E+01  1.753E+01  1.753E+01
432  1.173E+01  1.380E+01  1.754E+01  1.754E+01
433  1.176E+01  1.382E+01  1.756E+01  1.756E+01
434  1.179E+01  1.385E+01  1.758E+01  1.758E+01
435  1.182E+01  1.388E+01  1.759E+01  1.759E+01
436  1.186E+01  1.391E+01  1.761E+01  1.761E+01
437  1.189E+01  1.393E+01  1.763E+01  1.763E+01
438  1.192E+01  1.396E+01  1.764E+01  1.764E+01
439  1.196E+01  1.399E+01  1.766E+01  1.766E+01
440  1.199E+01  1.401E+01  1.767E+01  1.767E+01
441  1.202E+01  1.403E+01  1.769E+01  1.769E+01
442  1.205E+01  1.406E+01  1.770E+01  1.770E+01
443  1.209E+01  1.409E+01  1.772E+01  1.772E+01
444  1.213E+01  1.412E+01  1.774E+01  1.774E+01
445  1.216E+01  1.415E+01  1.775E+01  1.775E+01
446  1.219E+01  1.417E+01  1.776E+01  1.776E+01
447  1.221E+01  1.419E+01  1.777E+01  1.777E+01
448  1.224E+01  1.421E+01  1.777E+01  1.777E+01
449  1.226E+01  1.422E+01  1.778E+01  1.778E+01
450  1.227E+01  1.423E+01  1.778E+01  1.778E+01
451  1.229E+01  1.425E+01  1.779E+01  1.779E+01
452  1.232E+01  1.427E+01  1.779E+01  1.779E+01
453  1.235E+01  1.429E+01  1.780E+01  1.780E+01
454  1.238E+01  1.432E+01  1.781E+01  1.781E+01
455  1.242E+01  1.435E+01  1.783E+01  1.783E+01
456  1.244E+01  1.437E+01  1.783E+01  1.783E+01
457  1.247E+01  1.440E+01  1.784E+01  1.784E+01
458  1.250E+01  1.442E+01  1.785E+01  1.785E+01
459  1.252E+01  1.444E+01  1.786E+01  1.786E+01
460  1.255E+01  1.446E+01  1.786E+01  1.786E+01
461  1.258E+01  1.448E+01  1.787E+01  1.787E+01
462  1.261E+01  1.451E+01  1.788E+01  1.788E+01
463  1.264E+01  1.454E+01  1.789E+01  1.789E+01
464  1.266E+01  1.456E+01  1.790E+01  1.790E+01
465  1.269E+01  1.458E+01  1.791E+01  1.791E+01
466  1.272E+01  1.461E+01  1.792E+01  1.792E+01
467  1.275E+01  1.463E+01  1.793E+01  1.793E+01
468  1.278E+01  1.466E+01  1.795E+01  1.795E+01
469  1.282E+01  1.470E+01  1.797E+01  1.797E+01
470  1.286E+01  1.474E+01  1.799E+01  1.799E+01
471  1.291E+01  1.478E+01  1.801E+01  1.801E+01
472  1.295E+01  1.482E+01  1.802E+01  1.802E+01
473  1.299E+01  1.486E+01  1.804E+01  1.804E+01
474  1.302E+01  1.488E+01  1.806E+01  1.806E+01
475  1.305E+01  1.491E+01  1.807E+01  1.807E+01
476  1.307E+01  1.493E+01  1.808E+01  1.808E+01
477  1.310E+01  1.496E+01  1.810E+01  1.810E+01
478  1.313E+01  1.498E+01  1.811E+01  1.811E+01
479  1.316E+01  1.501E+01  1.813E+01  1.813E+01
480  1.319E+01  1.504E+01  1.814E+01  1.814E+01
481  1.323E+01  1.507E+01  1.815E+01  1.815E+01
482  1.326E+01  1.510E+01  1.817E+01  1.817E+01
483  1.329E+01  1.513E+01  1.818E+01  1.818E+01
484  1.333E+01  1.516E+01  1.820E+01  1.820E+01
485  1.336E+01  1.519E+01  1.821E+01  1.821E+01
486  1.339E+01  1.522E+01  1.823E+01  1.823E+01
487  1.342E+01  1.525E+01  1.824E+01  1.824E+01
488  1.345E+01  1.528E+01  1.825E+01  1.825E+01
489  1.347E+01  1.529E+01  1.825E+01  1.825E+01
490  1.348E+01  1.530E+01  1.826E+01  1.826E+01
491  1.350E+01  1.532E+01  1.827E+01  1.827E+01
492  1.352E+01  1.534E+01  1.827E+01  1.827E+01
493  1.354E+01  1.536E+01  1.828E+01  1.828E+01
494  1.356E+01  1.538E+01  1.829E+01  1.829E+01
495  1.359E+01  1.540E+01  1.830E+01  1.830E+01
496  1.362E+01  1.543E+01  1.831E+01  1.831E+01
497  1.365E+01  1.545E+01  1.832E+01  1.832E+01
498  1.368E+01  1.548E+01  1.833E+01  1.833E+01
499  1.371E+01  1.550E+01  1.833E+01  1.833E+01
500  1.374E+01  1.553E+01  1.834E+01  1.834E+01
501  1.377E+01  1.556E+01  1.836E+01  1.836E+01
502  1.381E+01  1.559E+01  1.836E+01  1.836E+01
503  1.383E+01  1.561E+01  1.837E+01  1.837E+01
504  1.385E+01  1.563E+01  1.837E+01  1.837E+01
505  1.387E+01  1.564E+01  1.838E+01  1.838E+01
506  1.388E+01  1.566E+01  1.838E+01  1.838E+01
507  1.390E+01  1.567E+01  1.839E+01  1.839E+01
508  1.392E+01  1.570E+01  1.841E+01  1.841E+01
509  1.396E+01  1.573E+01  1.843E+01  1.843E+01
510  1.399E+01  1.576E+01  1.843E+01  1.843E+01
511  1.402E+01  1.578E+01  1.843E+01  1.843E+01
512  1.404E+01  1.580E+01  1.843E+01  1.843E+01
513  1.407E+01  1.583E+01  1.845E+01  1.845E+01
514  1.411E+01  1.586E+01  1.847E+01  1.847E+01
515  1.415E+01  1.590E+01  1.849E+01  1.849E+01
516  1.419E+01  1.594E+01  1.851E+01  1.851E+01
517  1.423E+01  1.597E+01  1.852E+01  1.852E+01
518  1.426E+01  1.600E+01  1.854E+01  1.854E+01
519  1.429E+01  1.603E+01  1.855E+01  1.855E+01
520  1.432E+01  1.606E+01  1.856E+01  1.856E+01
521  1.434E+01  1.608E+01  1.858E+01  1.858E+01
522  1.436E+01  1.610E+01  1.859E+01  1.859E+01
523  1.439E+01  1.612E+01  1.861E+01  1.861E+01
524  1.441E+01  1.614E+01  1.862E+01  1.862E+01
525  1.444E+01  1.617E+01  1.863E+01  1.863E+01
526  1.447E+01  1.619E+01  1.865E+01  1.865E+01
527  1.451E+01  1.623E+01  1.868E+01  1.868E+01
528  1.455E+01  1.626E+01  1.870E+01  1.870E+01
529  1.458E+01  1.629E+01  1.872E+01  1.872E+01
530  1.460E+01  1.631E+01  1.874E+01  1.874E+01
531  1.462E+01  1.633E+01  1.876E+01  1.876E+01
532  1.464E+01  1.635E+01  1.878E+01  1.878E+01
533  1.467E+01  1.637E+01  1.880E+01  1.880E+01
534  1.469E+01  1.639E+01  1.882E+01  1.882E+01
535  1.470E+01  1.640E+01  1.883E+01  1.883E+01
536  1.471E+01  1.641E+01  1.884E+01  1.884E+01
537  1.472E+01  1.642E+01  1.885E+01  1.885E+01
538  1.474E+01  1.644E+01  1.886E+01  1.886E+01
539  1.476E+01  1.646E+01  1.888E+01  1.888E+01
540  1.478E+01  1.648E+01  1.890E+01  1.890E+01
541  1.480E+01  1.650E+01  1.892E+01  1.892E+01
542  1.483E+01  1.652E+01  1.894E+01  1.894E+01
543  1.485E+01  1.654E+01  1.895E+01  1.895E+01
544  1.486E+01  1.655E+01  1.896E+01  1.896E+01
545  1.486E+01  1.655E+01  1.897E+01  1.897E+01
546  1.486E+01  1.655E+01  1.898E+01  1.898E+01
547  1.487E+01  1.656E+01  1.899E+01  1.899E+01
548  1.488E+01  1.657E+01  1.900E+01  1.900E+01
549  1.489E+01  1.658E+01  1.901E+01  1.901E+01
550  1.490E+01  1.659E+01  1.902E+01  1.902E+01
551  1.492E+01  1.661E+01  1.904E+01  1.904E+01
552  1.494E+01  1.663E+01  1.906E+01  1.906E+01
553  1.496E+01  1.665E+01  1.907E+01  1.907E+01
554  1.498E+01  1.667E+01  1.907E+01  1.907E+01
555  1.499E+01  1.668E+01  1.908E+01  1.908E+01
556  1.501E+01  1.670E+01  1.909E+01  1.909E+01
557  1.504E+01  1.672E+01  1.910E+01  1.910E+01
558  1.506E+01  1.674E+01  1.912E+01  1.912E+01
559  1.508E+01  1.676E+01  1.914E+01  1.914E+01
560  1.510E+01  1.678E+01  1.915E+01  1.915E+01
561  1.511E+01  1.679E+01  1.916E+01  1.916E+01
562  1.513E+01  1.681E+01  1.917E+01  1.917E+01
563  1.515E+01  1.682E+01  1.919E+01  1.919E+01
564  1.517E+01  1.685E+01  1.921E+01  1.921E+01
565  1.521E+01  1.688E+01  1.924E+01  1.924E+01
566  1.526E+01  1.692E+01  1.927E+01  1.927E+01
567  1.530E+01  1.697E+01  1.930E+01  1.930E+01
568  1.534E+01  1.699E+01  1.933E+01  1.933E+01
569  1.535E+01  1.701E+01  1.934E+01  1.934E+01
570  1.536E+01  1.702E+01  1.936E+01  1.936E+01
571  1.537E+01  1.702E+01  1.937E+01  1.937E+01
572  1.538E+01  1.703E+01  1.939E+01  1.939E+01
573  1.540E+01  1.705E+01  1.942E+01  1.942E+01
574  1.542E+01  1.707E+01  1.944E+01  1.944E+01
575  1.543E+01  1.708E+01  1.946E+01  1.946E+01
576  1.544E+01  1.709E+01  1.948E+01  1.948E+01
577  1.545E+01  1.709E+01  1.950E+01  1.950E+01
578  1.545E+01  1.710E+01  1.951E+01  1.951E+01
579  1.546E+01  1.711E+01  1.952E+01  1.952E+01
580  1.547E+01  1.712E+01  1.954E+01  1.954E+01
581  1.548E+01  1.713E+01  1.955E+01  1.955E+01
582  1.550E+01  1.715E+01  1.956E+01  1.956E+01
583  1.551E+01  1.717E+01  1.957E+01  1.957E+01
584  1.553E+01  1.718E+01  1.957E+01  1.957E+01
585  1.553E+01  1.718E+01  1.957E+01  1.957E+01
586  1.553E+01  1.718E+01  1.957E+01  1.957E+01
587  1.552E+01  1.718E+01  1.957E+01  1.957E+01
588  1.551E+01  1.717E+01  1.956E+01  1.956E+01
589  1.551E+01  1.717E+01  1.956E+01  1.956E+01
590  1.552E+01  1.718E+01  1.955E+01  1.955E+01
591  1.553E+01  1.720E+01  1.955E+01  1.955E+01
592  1.556E+01  1.722E+01  1.955E+01  1.955E+01
593  1.558E+01  1.724E+01  1.955E+01  1.955E+01
594  1.560E+01  1.726E+01  1.955E+01  1.955E+01
595  1.562E+01  1.727E+01  1.955E+01  1.955E+01
596  1.564E+01  1.729E+01  1.956E+01  1.956E+01
597  1.566E+01  1.731E+01  1.956E+01  1.956E+01
598  1.567E+01  1.732E+01  1.955E+01  1.955E+01
599  1.568E+01  1.732E+01  1.955E+01  1.955E+01
600  1.569E+01  1.734E+01  1.955E+01  1.955E+01
601  1.571E+01  1.735E+01  1.956E+01  1.956E+01
602  1.572E+01  1.737E+01  1.957E+01  1.957E+01
603  1.574E+01  1.738E+01  1.958E+01  1.958E+01
604  1.575E+01  1.739E+01  1.959E+01  1.959E+01
605  1.575E+01  1.739E+01  1.960E+01  1.960E+01
606  1.576E+01  1.739E+01  1.960E+01  1.960E+01
607  1.577E+01  1.741E+01  1.960E+01  1.960E+01
608  1.579E+01  1.742E+01  1.960E+01  1.960E+01
609  1.581E+01  1.744E+01  1.961E+01  1.961E+01
610  1.583E+01  1.747E+01  1.962E+01  1.962E+01
611  1.586E+01  1.749E+01  1.964E+01  1.964E+01
612  1.588E+01  1.751E+01  1.965E+01  1.965E+01
613  1.589E+01  1.752E+01  1.965E+01  1.965E+01
614  1.589E+01  1.752E+01  1.966E+01  1.966E+01
615  1.590E+01  1.752E+01  1.966E+01  1.966E+01
616  1.590E+01  1.753E+01  1.966E+01  1.966E+01
617  1.591E+01  1.754E+01  1.967E+01  1.967E+01
618  1.593E+01  1.756E+01  1.969E+01  1.969E+01
619  1.596E+01  1.759E+01  1.970E+01  1.970E+01
620  1.598E+01  1.761E+01  1.970E+01  1.970E+01
621  1.598E+01  1.761E+01  1.969E+01  1.969E+01
622  1.599E+01  1.761E+01  1.969E+01  1.969E+01
623  1.599E+01  1.762E+01  1.969E+01  1.969E+01
624  1.601E+01  1.763E+01  1.970E+01  1.970E+01
625  1.603E+01  1.765E+01  1.971E+01  1.971E+01
626  1.606E+01  1.768E+01  1.973E+01  1.973E+01
627  1.608E+01  1.770E+01  1.975E+01  1.975E+01
628  1.611E+01  1.773E+01  1.976E+01  1.976E+01
629  1.613E+01  1.774E+01  1.977E+01  1.977E+01
630  1.614E+01  1.776E+01  1.979E+01  1.979E+01
631  1.616E+01  1.777E+01  1.981E+01  1.981E+01
632  1.618E+01  1.779E+01  1.983E+01  1.983E+01
633  1.619E+01  1.780E+01  1.984E+01  1.984E+01
634  1.620E+01  1.781E+01  1.986E+01  1.986E+01
635  1.622E+01  1.782E+01  1.987E+01  1.987E+01
636  1.623E+01  1.783E+01  1.989E+01  1.989E+01
637  1.624E+01  1.784E+01  1.991E+01  1.991E+01
638  1.625E+01  1.785E+01  1.993E+01  1.993E+01
639  1.626E+01  1.786E+01  1.995E+01  1.995E+01
640  1.627E+01  1.786E+01  1.997E+01  1.997E+01
641  1.628E+01  1.787E+01  2.000E+01  2.000E+01
642  1.631E+01  1.790E+01  2.003E+01  2.003E+01
643  1.633E+01  1.792E+01  2.006E+01  2.006E+01
644  1.635E+01  1.793E+01  2.008E+01  2.008E+01
645  1.636E+01  1.794E+01  2.009E+01  2.009E+01
646  1.637E+01  1.794E+01  2.010E+01  2.010E+01
647  1.636E+01  1.794E+01  2.010E+01  2.010E+01
648  1.637E+01  1.794E+01  2.012E+01  2.012E+01
649  1.638E+01  1.795E+01  2.015E+01  2.015E+01
650  1.639E+01  1.796E+01  2.017E+01  2.017E+01
651  1.640E+01  1.797E+01  2.018E+01  2.018E+01
652  1.641E+01  1.797E+01  2.020E+01  2.020E+01
653  1.641E+01  1.798E+01  2.021E+01  2.021E+01
654  1.643E+01  1.799E+01  2.023E+01  2.023E+01
655  1.645E+01  1.801E+01  2.026E+01  2.026E+01
656  1.647E+01  1.803E+01  2.029E+01  2.029E+01
657  1.648E+01  1.804E+01  2.032E+01  2.032E+01
658  1.648E+01  1.804E+01  2.034E+01  2.034E+01
659  1.649E+01  1.805E+01  2.037E+01  2.037E+01
660  1.649E+01  1.805E+01  2.039E+01  2.039E+01
661  1.650E+01  1.806E+01  2.041E+01  2.041E+01
662  1.651E+01  1.807E+01  2.044E+01  2.044E+01
663  1.652E+01  1.808E+01  2.046E+01  2.046E+01
664  1.653E+01  1.809E+01  2.049E+01  2.049E+01
665  1.654E+01  1.810E+01  2.051E+01  2.051E+01
666  1.654E+01  1.810E+01  2.053E+01  2.053E+01
667  1.655E+01  1.810E+01  2.055E+01  2.055E+01
668  1.656E+01  1.812E+01  2.058E+01  2.058E+01
669  1.658E+01  1.813E+01  2.061E+01  2.061E+01
670  1.659E+01  1.814E+01  2.062E+01  2.062E+01
671  1.659E+01  1.815E+01  2.064E+01  2.064E+01
672  1.660E+01  1.815E+01  2.066E+01  2.066E+01
673  1.660E+01  1.815E+01  2.067E+01  2.067E+01
674  1.660E+01  1.815E+01  2.068E+01  2.068E+01
675  1.660E+01  1.816E+01  2.069E+01  2.069E+01
676  1.661E+01  1.817E+01  2.071E+01  2.071E+01
677  1.662E+01  1.817E+01  2.071E+01  2.071E+01
678  1.662E+01  1.818E+01  2.072E+01  2.072E+01
679  1.663E+01  1.819E+01  2.074E+01  2.074E+01
680  1.665E+01  1.820E+01  2.076E+01  2.076E+01
681  1.666E+01  1.822E+01  2.079E+01  2.079E+01
682  1.667E+01  1.823E+01  2.083E+01  2.083E+01
683  1.668E+01  1.824E+01  2.086E+01  2.086E+01
684  1.668E+01  1.825E+01  2.088E+01  2.088E+01
685  1.668E+01  1.825E+01  2.088E+01  2.088E+01
686  1.668E+01  1.824E+01  2.088E+01  2.088E+01
687  1.668E+01  1.825E+01  2.089E+01  2.089E+01
688  1.668E+01  1.825E+01  2.089E+01  2.089E+01
689  1.669E+01  1.826E+01  2.089E+01  2.089E+01
690  1.668E+01  1.826E+01  2.089E+01  2.089E+01
691  1.669E+01  1.826E+01  2.089E+01  2.089E+01
692  1.670E+01  1.827E+01  2.089E+01  2.089E+01
693  1.670E+01  1.828E+01  2.089E+01  2.089E+01
694  1.672E+01  1.829E+01  2.089E+01  2.089E+01
695  1.674E+01  1.832E+01  2.091E+01  2.091E+01
696  1.674E+01  1.832E+01  2.091E+01  2.091E+01
697  1.673E+01  1.831E+01  2.090E+01  2.090E+01
698  1.672E+01  1.830E+01  2.089E+01  2.089E+01
699  1.672E+01  1.831E+01  2.088E+01  2.088E+01
700  1.673E+01  1.831E+01  2.085E+01  2.085E+01
701  1.672E+01  1.831E+01  2.081E+01  2.081E+01
702  1.672E+01  1.830E+01  2.076E+01  2.076E+01
703  1.672E+01  1.830E+01  2.071E+01  2.071E+01
704  1.673E+01  1.831E+01  2.067E+01  2.067E+01
705  1.673E+01  1.831E+01  2.062E+01  2.062E+01
706  1.672E+01  1.830E+01  2.057E+01  2.057E+01
707  1.672E+01  1.829E+01  2.052E+01  2.052E+01
708  1.671E+01  1.829E+01  2.049E+01  2.049E+01
709  1.671E+01  1.829E+01  2.046E+01  2.046E+01
710  1.670E+01  1.829E+01  2.042E+01  2.042E+01
711  1.671E+01  1.829E+01  2.038E+01  2.038E+01
712  1.670E+01  1.828E+01  2.033E+01  2.033E+01
713  1.668E+01  1.826E+01  2.028E+01  2.028E+01
714  1.666E+01  1.824E+01  2.024E+01  2.024E+01
715  1.664E+01  1.823E+01  2.020E+01  2.020E+01
716  1.662E+01  1.821E+01  2.015E+01  2.015E+01
717  1.662E+01  1.822E+01  2.011E+01  2.011E+01
718  1.663E+01  1.822E+01  2.006E+01  2.006E+01
719  1.663E+01  1.822E+01  2.001E+01  2.001E+01
720  1.662E+01  1.821E+01  1.996E+01  1.996E+01
721  1.662E+01  1.821E+01  1.992E+01  1.992E+01
722  1.662E+01  1.821E+01  1.989E+01  1.989E+01
723  1.662E+01  1.822E+01  1.986E+01  1.986E+01
724  1.663E+01  1.823E+01  1.984E+01  1.984E+01
725  1.664E+01  1.824E+01  1.982E+01  1.982E+01
726  1.664E+01  1.824E+01  1.980E+01  1.980E+01
727  1.665E+01  1.825E+01  1.980E+01  1.980E+01
728  1.666E+01  1.827E+01  1.979E+01  1.979E+01
729  1.667E+01  1.828E+01  1.977E+01  1.977E+01
730  1.668E+01  1.829E+01  1.976E+01  1.976E+01
731  1.670E+01  1.830E+01  1.975E+01  1.975E+01
732  1.670E+01  1.830E+01  1.973E+01  1.973E+01
733  1.670E+01  1.831E+01  1.972E+01  1.972E+01
734  1.672E+01  1.832E+01  1.972E+01  1.972E+01
735  1.674E+01  1.834E+01  1.972E+01  1.972E+01
736  1.676E+01  1.836E+01  1.971E+01  1.971E+01
737  1.677E+01  1.837E+01  1.970E+01  1.970E+01
738  1.677E+01  1.837E+01  1.968E+01  1.968E+01
739  1.679E+01  1.838E+01  1.968E+01  1.968E+01
740  1.681E+01  1.840E+01  1.969E+01  1.969E+01
741  1.683E+01  1.842E+01  1.970E+01  1.970E+01
742  1.684E+01  1.844E+01  1.971E+01  1.971E+01
743  1.685E+01  1.845E+01  1.970E+01  1.970E+01
744  1.686E+01  1.845E+01  1.970E+01  1.970E+01
745  1.687E+01  1.846E+01  1.969E+01  1.969E+01
746  1.687E+01  1.846E+01  1.967E+01  1.967E+01
747  1.687E+01  1.846E+01  1.965E+01  1.965E+01
748  1.687E+01  1.846E+01  1.965E+01  1.965E+01
749  1.688E+01  1.846E+01  1.965E+01  1.965E+01
750  1.688E+01  1.847E+01  1.964E+01  1.964E+01
751  1.688E+01  1.847E+01  1.963E+01  1.963E+01
752  1.689E+01  1.847E+01  1.963E+01  1.963E+01
753  1.689E+01  1.848E+01  1.963E+01  1.963E+01
754  1.691E+01  1.849E+01  1.964E+01  1.964E+01
755  1.691E+01  1.850E+01  1.963E+01  1.963E+01
756  1.691E+01  1.850E+01  1.962E+01  1.962E+01
757  1.692E+01  1.850E+01  1.962E+01  1.962E+01
758  1.693E+01  1.851E+01  1.962E+01  1.962E+01
759  1.694E+01  1.852E+01  1.962E+01  1.962E+01
760  1.694E+01  1.852E+01  1.961E+01  1.961E+01
761  1.694E+01  1.852E+01  1.961E+01  1.961E+01
762  1.694E+01  1.853E+01  1.963E+01  1.963E+01
763  1.695E+01  1.854E+01  1.964E+01  1.964E+01
764  1.696E+01  1.855E+01  1.965E+01  1.965E+01
765  1.697E+01  1.856E+01  1.966E+01  1.966E+01
766  1.698E+01  1.856E+01  1.967E+01  1.967E+01
767  1.699E+01  1.858E+01  1.969E+01  1.969E+01
768  1.701E+01  1.860E+01  1.971E+01  1.971E+01
769  1.703E+01  1.861E+01  1.973E+01  1.973E+01
770  1.705E+01  1.863E+01  1.973E+01  1.973E+01
771  1.707E+01  1.864E+01  1.973E+01  1.973E+01
772  1.708E+01  1.865E+01  1.973E+01  1.973E+01
773  1.709E+01  1.866E+01  1.972E+01  1.972E+01
774  1.709E+01  1.866E+01  1.973E+01  1.973E+01
775  1.711E+01  1.867E+01  1.976E+01  1.976E+01
776  1.713E+01  1.869E+01  1.978E+01  1.978E+01
777  1.714E+01  1.871E+01  1.981E+01  1.981E+01
778  1.716E+01  1.872E+01  1.982E+01  1.982E+01
779  1.717E+01  1.873E+01  1.984E+01  1.984E+01
780  1.718E+01  1.874E+01  1.985E+01  1.985E+01
781  1.720E+01  1.875E+01  1.987E+01  1.987E+01
782  1.721E+01  1.876E+01  1.987E+01  1.987E+01
783  1.721E+01  1.875E+01  1.986E+01  1.986E+01
784  1.721E+01  1.875E+01  1.987E+01  1.987E+01
785  1.722E+01  1.876E+01  1.989E+01  1.989E+01
786  1.723E+01  1.878E+01  1.992E+01  1.992E+01
787  1.724E+01  1.878E+01  1.995E+01  1.995E+01
788  1.724E+01  1.878E+01  1.997E+01  1.997E+01
789  1.724E+01  1.878E+01  1.999E+01  1.999E+01
790  1.723E+01  1.878E+01  2.000E+01  2.000E+01
791  1.724E+01  1.878E+01  2.003E+01  2.003E+01
792  1.724E+01  1.879E+01  2.006E+01  2.006E+01
793  1.725E+01  1.879E+01  2.008E+01  2.008E+01
794  1.726E+01  1.880E+01  2.011E+01  2.011E+01
795  1.728E+01  1.882E+01  2.013E+01  2.013E+01
796  1.729E+01  1.883E+01  2.015E+01  2.015E+01
797  1.730E+01  1.884E+01  2.017E+01  2.017E+01
798  1.731E+01  1.885E+01  2.019E+01  2.019E+01
799  1.731E+01  1.884E+01  2.019E+01  2.019E+01
800  1.730E+01  1.884E+01  2.020E+01  2.020E+01
801  1.730E+01  1.883E+01  2.022E+01  2.022E+01
802  1.730E+01  1.884E+01  2.025E+01  2.025E+01
803  1.731E+01  1.885E+01  2.029E+01  2.029E+01
804  1.733E+01  1.887E+01  2.031E+01  2.031E+01
805  1.735E+01  1.888E+01  2.033E+01  2.033E+01
806  1.735E+01  1.888E+01  2.032E+01  2.032E+01
807  1.734E+01  1.888E+01  2.031E+01  2.031E+01
808  1.734E+01  1.887E+01  2.030E+01  2.030E+01
809  1.735E+01  1.888E+01  2.031E+01  2.031E+01
810  1.736E+01  1.889E+01  2.032E+01  2.032E+01
811  1.737E+01  1.890E+01  2.032E+01  2.032E+01
812  1.737E+01  1.890E+01  2.032E+01  2.032E+01
813  1.738E+01  1.891E+01  2.032E+01  2.032E+01
814  1.739E+01  1.892E+01  2.033E+01  2.033E+01
815  1.739E+01  1.892E+01  2.034E+01  2.034E+01
816  1.738E+01  1.891E+01  2.034E+01  2.034E+01
817  1.738E+01  1.891E+01  2.035E+01  2.035E+01
818  1.738E+01  1.890E+01  2.035E+01  2.035E+01
819  1.738E+01  1.891E+01  2.036E+01  2.036E+01
820  1.740E+01  1.892E+01  2.038E+01  2.038E+01
821  1.741E+01  1.894E+01  2.039E+01  2.039E+01
822  1.742E+01  1.894E+01  2.038E+01  2.038E+01
823  1.741E+01  1.894E+01  2.037E+01  2.037E+01
824  1.742E+01  1.894E+01  2.037E+01  2.037E+01
825  1.743E+01  1.895E+01  2.038E+01  2.038E+01
826  1.743E+01  1.895E+01  2.039E+01  2.039E+01
827  1.743E+01  1.895E+01  2.040E+01  2.040E+01
828  1.744E+01  1.896E+01  2.043E+01  2.043E+01
829  1.745E+01  1.897E+01  2.046E+01  2.046E+01
830  1.746E+01  1.898E+01  2.048E+01  2.048E+01
831  1.746E+01  1.898E+01  2.049E+01  2.049E+01
832  1.746E+01  1.898E+01  2.049E+01  2.049E+01
833  1.746E+01  1.898E+01  2.051E+01  2.051E+01
834  1.746E+01  1.898E+01  2.053E+01  2.053E+01
835  1.747E+01  1.899E+01  2.054E+01  2.054E+01
836  1.747E+01  1.899E+01  2.055E+01  2.055E+01
837  1.748E+01  1.900E+01  2.057E+01  2.057E+01
838  1.750E+01  1.901E+01  2.060E+01  2.060E+01
839  1.751E+01  1.903E+01  2.063E+01  2.063E+01
840  1.753E+01  1.904E+01  2.068E+01  2.068E+01
841  1.754E+01  1.905E+01  2.074E+01  2.074E+01
842  1.754E+01  1.906E+01  2.082E+01  2.082E+01
843  1.756E+01  1.909E+01  2.091E+01  2.091E+01
844  1.758E+01  1.911E+01  2.102E+01  2.102E+01
845  1.759E+01  1.912E+01  2.110E+01  2.110E+01
846  1.759E+01  1.913E+01  2.117E+01  2.117E+01
847  1.761E+01  1.915E+01  2.123E+01  2.123E+01
848  1.762E+01  1.917E+01  2.130E+01  2.130E+01
849  1.764E+01  1.919E+01  2.135E+01  2.135E+01
850  1.767E+01  1.921E+01  2.142E+01  2.142E+01
851  1.768E+01  1.923E+01  2.150E+01  2.150E+01
852  1.770E+01  1.925E+01  2.159E+01  2.159E+01
853  1.771E+01  1.927E+01  2.170E+01  2.170E+01
854  1.773E+01  1.930E+01  2.182E+01  2.182E+01
855  1.775E+01  1.932E+01  2.192E+01  2.192E+01
856  1.776E+01  1.934E+01  2.202E+01  2.202E+01
857  1.778E+01  1.936E+01  2.213E+01  2.213E+01
858  1.780E+01  1.938E+01  2.222E+01  2.222E+01
859  1.781E+01  1.939E+01  2.229E+01  2.229E+01
860  1.782E+01  1.940E+01  2.238E+01  2.238E+01
861  1.782E+01  1.941E+01  2.244E+01  2.244E+01
862  1.783E+01  1.942E+01  2.249E+01  2.249E+01
863  1.784E+01  1.943E+01  2.254E+01  2.254E+01
864  1.784E+01  1.943E+01  2.257E+01  2.257E+01
865  1.784E+01  1.942E+01  2.258E+01  2.258E+01
866  1.784E+01  1.943E+01  2.260E+01  2.260E+01
867  1.785E+01  1.944E+01  2.263E+01  2.263E+01
868  1.785E+01  1.944E+01  2.265E+01  2.265E+01
869  1.785E+01  1.943E+01  2.267E+01  2.267E+01
870  1.785E+01  1.943E+01  2.268E+01  2.268E+01
871  1.785E+01  1.943E+01  2.269E+01  2.269E+01
872  1.786E+01  1.943E+01  2.269E+01  2.269E+01
873  1.786E+01  1.944E+01  2.268E+01  2.268E+01
874  1.787E+01  1.944E+01  2.266E+01  2.266E+01
875  1.787E+01  1.943E+01  2.261E+01  2.261E+01
876  1.787E+01  1.943E+01  2.257E+01  2.257E+01
877  1.788E+01  1.943E+01  2.253E+01  2.253E+01
878  1.788E+01  1.944E+01  2.252E+01  2.252E+01
879  1.789E+01  1.945E+01  2.253E+01  2.253E+01
880  1.790E+01  1.946E+01  2.254E+01  2.254E+01
881  1.790E+01  1.946E+01  2.255E+01  2.255E+01
882  1.791E+01  1.947E+01  2.256E+01  2.256E+01
883  1.792E+01  1.948E+01  2.256E+01  2.256E+01
884  1.792E+01  1.949E+01  2.256E+01  2.256E+01
885  1.793E+01  1.950E+01  2.257E+01  2.257E+01
886  1.794E+01  1.951E+01  2.260E+01  2.260E+01
887  1.795E+01  1.952E+01  2.263E+01  2.263E+01
888  1.796E+01  1.953E+01  2.268E+01  2.268E+01
889  1.798E+01  1.955E+01  2.274E+01  2.274E+01
890  1.800E+01  1.957E+01  2.281E+01  2.281E+01
891  1.800E+01  1.958E+01  2.288E+01  2.288E+01
892  1.799E+01  1.957E+01  2.291E+01  2.291E+01
893  1.797E+01  1.956E+01  2.294E+01  2.294E+01
894  1.798E+01  1.956E+01  2.300E+01  2.300E+01
895  1.799E+01  1.957E+01  2.308E+01  2.308E+01
896  1.799E+01  1.957E+01  2.318E+01  2.318E+01
897  1.799E+01  1.957E+01  2.325E+01  2.325E+01
898  1.798E+01  1.957E+01  2.331E+01  2.331E+01
899  1.798E+01  1.956E+01  2.336E+01  2.336E+01
900  1.798E+01  1.956E+01  2.340E+01  2.340E+01
901  1.799E+01  1.956E+01  2.345E+01  2.345E+01
902  1.799E+01  1.956E+01  2.350E+01  2.350E+01
903  1.798E+01  1.955E+01  2.353E+01  2.353E+01
904  1.798E+01  1.954E+01  2.355E+01  2.355E+01
905  1.798E+01  1.954E+01  2.357E+01  2.357E+01
906  1.798E+01  1.954E+01  2.360E+01  2.360E+01
907  1.798E+01  1.954E+01  2.362E+01  2.362E+01
908  1.797E+01  1.953E+01  2.361E+01  2.361E+01
909  1.797E+01  1.952E+01  2.360E+01  2.360E+01
910  1.797E+01  1.952E+01  2.360E+01  2.360E+01
911  1.798E+01  1.953E+01  2.360E+01  2.360E+01
912  1.799E+01  1.954E+01  2.362E+01  2.362E+01
913  1.800E+01  1.955E+01  2.364E+01  2.364E+01
914  1.801E+01  1.956E+01  2.365E+01  2.365E+01
915  1.801E+01  1.956E+01  2.363E+01  2.363E+01
916  1.801E+01  1.956E+01  2.363E+01  2.363E+01
917  1.803E+01  1.958E+01  2.365E+01  2.365E+01
918  1.804E+01  1.959E+01  2.369E+01  2.369E+01
919  1.805E+01  1.960E+01  2.372E+01  2.372E+01
920  1.806E+01  1.961E+01  2.375E+01  2.375E+01
921  1.807E+01  1.962E+01  2.377E+01  2.377E+01
922  1.807E+01  1.962E+01  2.378E+01  2.378E+01
923  1.807E+01  1.963E+01  2.379E+01  2.379E+01
924  1.808E+01  1.963E+01  2.382E+01  2.382E+01
925  1.808E+01  1.964E+01  2.384E+01  2.384E+01
926  1.808E+01  1.964E+01  2.385E+01  2.385E+01
927  1.808E+01  1.965E+01  2.388E+01  2.388E+01
928  1.809E+01  1.966E+01  2.395E+01  2.395E+01
929  1.811E+01  1.967E+01  2.406E+01  2.406E+01
930  1.812E+01  1.968E+01  2.417E+01  2.417E+01
931  1.811E+01  1.968E+01  2.424E+01  2.424E+01
932  1.809E+01  1.966E+01  2.427E+01  2.427E+01
933  1.808E+01  1.965E+01  2.428E+01  2.428E+01
934  1.808E+01  1.965E+01  2.430E+01  2.430E+01
935  1.809E+01  1.966E+01  2.438E+01  2.438E+01
936  1.810E+01  1.966E+01  2.447E+01  2.447E+01
937  1.809E+01  1.965E+01  2.453E+01  2.453E+01
938  1.809E+01  1.964E+01  2.455E+01  2.455E+01
939  1.808E+01  1.964E+01  2.457E+01  2.457E+01
940  1.808E+01  1.964E+01  2.459E+01  2.459E+01
941  1.807E+01  1.963E+01  2.460E+01  2.460E+01
942  1.806E+01  1.962E+01  2.461E+01  2.461E+01
943  1.806E+01  1.962E+01  2.464E+01  2.464E+01
944  1.807E+01  1.962E+01  2.469E+01  2.469E+01
945  1.807E+01  1.962E+01  2.475E+01  2.475E+01
946  1.808E+01  1.962E+01  2.480E+01  2.480E+01
947  1.808E+01  1.962E+01  2.482E+01  2.482E+01
948  1.808E+01  1.962E+01  2.483E+01  2.483E+01
949  1.809E+01  1.962E+01  2.482E+01  2.482E+01
950  1.809E+01  1.962E+01  2.481E+01  2.481E+01
951  1.808E+01  1.961E+01  2.478E+01  2.478E+01
952  1.808E+01  1.961E+01  2.474E+01  2.474E+01
953  1.809E+01  1.962E+01  2.472E+01  2.472E+01
954  1.811E+01  1.964E+01  2.475E+01  2.475E+01
955  1.814E+01  1.966E+01  2.481E+01  2.481E+01
956  1.814E+01  1.967E+01  2.484E+01  2.484E+01
957  1.814E+01  1.967E+01  2.482E+01  2.482E+01
958  1.812E+01  1.965E+01  2.476E+01  2.476E+01
959  1.810E+01  1.964E+01  2.467E+01  2.467E+01
960  1.808E+01  1.962E+01  2.462E+01  2.462E+01
961  1.808E+01  1.962E+01  2.463E+01  2.463E+01
962  1.808E+01  1.962E+01  2.470E+01  2.470E+01
963  1.809E+01  1.962E+01  2.479E+01  2.479E+01
964  1.808E+01  1.962E+01  2.485E+01  2.485E+01
965  1.807E+01  1.960E+01  2.488E+01  2.488E+01
966  1.806E+01  1.959E+01  2.489E+01  2.489E+01
967  1.805E+01  1.958E+01  2.488E+01  2.488E+01
968  1.805E+01  1.958E+01  2.487E+01  2.487E+01
969  1.806E+01  1.959E+01  2.490E+01  2.490E+01
970  1.806E+01  1.958E+01  2.491E+01  2.491E+01
971  1.806E+01  1.957E+01  2.490E+01  2.490E+01
972  1.807E+01  1.958E+01  2.491E+01  2.491E+01
973  1.809E+01  1.960E+01  2.494E+01  2.494E+01
974  1.811E+01  1.962E+01  2.500E+01  2.500E+01
975  1.811E+01  1.962E+01  2.503E+01  2.503E+01
976  1.810E+01  1.961E+01  2.501E+01  2.501E+01
977  1.810E+01  1.961E+01  2.497E+01  2.497E+01
978  1.811E+01  1.962E+01  2.498E+01  2.498E+01
979  1.814E+01  1.965E+01  2.507E+01  2.507E+01
980  1.818E+01  1.968E+01  2.521E+01  2.521E+01
981  1.822E+01  1.971E+01  2.535E+01  2.535E+01
982  1.823E+01  1.972E+01  2.542E+01  2.542E+01
983  1.822E+01  1.971E+01  2.540E+01  2.540E+01
984  1.822E+01  1.972E+01  2.534E+01  2.534E+01
985  1.823E+01  1.973E+01  2.532E+01  2.532E+01
986  1.824E+01  1.974E+01  2.536E+01  2.536E+01
987  1.826E+01  1.976E+01  2.543E+01  2.543E+01
988  1.827E+01  1.977E+01  2.551E+01  2.551E+01
989  1.828E+01  1.978E+01  2.558E+01  2.558E+01
990  1.827E+01  1.978E+01  2.562E+01  2.562E+01
991  1.827E+01  1.978E+01  2.566E+01  2.566E+01
992  1.827E+01  1.978E+01  2.571E+01  2.571E+01
993  1.827E+01  1.978E+01  2.575E+01  2.575E+01
994  1.826E+01  1.977E+01  2.579E+01  2.579E+01
995  1.825E+01  1.976E+01  2.582E+01  2.582E+01
996  1.824E+01  1.975E+01  2.585E+01  2.585E+01
997  1.824E+01  1.975E+01  2.590E+01  2.590E+01
998  1.824E+01  1.975E+01  2.596E+01  2.596E+01
999  1.824E+01  1.974E+01  2.601E+01  2.601E+01
