1.0249  4.03e+47  8.625e+43  2.091e+42  2.091e+42
2.026  2.035e+48  5.596e+44  4.205e+43  4.205e+43
3.088  5.172e+48  1.835e+45  2.463e+44  2.463e+44
4.014  8.155e+48  3.197e+45  5.148e+44  5.148e+44
5.126  1.138e+49  4.82e+45  8.902e+44  8.902e+44
6.364  1.402e+49  6.069e+45  1.192e+45  1.192e+45
7.217  1.633e+49  7.478e+45  1.522e+45  1.522e+45
8.167  1.689e+49  7.63e+45  1.523e+45  1.523e+45
9.069  1.77e+49  8.181e+45  1.672e+45  1.672e+45
10.25  1.818e+49  8.38e+45  1.682e+45  1.682e+45
11.13  1.836e+49  8.601e+45  1.707e+45  1.707e+45
12.25  1.903e+49  8.805e+45  1.708e+45  1.708e+45
13.39  1.814e+49  8.631e+45  1.653e+45  1.653e+45
14.52  1.888e+49  8.854e+45  1.653e+45  1.653e+45
15.08  1.941e+49  9.016e+45  1.654e+45  1.654e+45
16.1  1.793e+49  8.66e+45  1.58e+45  1.58e+45
17.01  1.861e+49  8.875e+45  1.58e+45  1.58e+45
18.29  1.853e+49  8.857e+45  1.541e+45  1.541e+45
19.39  1.806e+49  8.722e+45  1.481e+45  1.481e+45
20.51  1.882e+49  8.971e+45  1.481e+45  1.481e+45
21.07  1.939e+49  9.156e+45  1.481e+45  1.481e+45
22.19  1.874e+49  8.976e+45  1.432e+45  1.432e+45
23.3  1.828e+49  8.871e+45  1.382e+45  1.382e+45
24.4  1.904e+49  9.131e+45  1.382e+45  1.382e+45
25.5  1.98e+49  9.395e+45  1.382e+45  1.382e+45
26.05  2.037e+49  9.593e+45  1.382e+45  1.382e+45
27.13  1.961e+49  9.37e+45  1.343e+45  1.343e+45
28.04  1.9e+49  8.963e+45  1.284e+45  1.284e+45
29.12  1.989e+49  8.679e+45  1.24e+45  1.24e+45
30.43  2.032e+49  8.543e+45  1.22e+45  1.22e+45
31.54  2.061e+49  8.615e+45  1.214e+45  1.214e+45
32.1  2.123e+49  8.863e+45  1.214e+45  1.214e+45
33.2  2.039e+49  8.663e+45  1.224e+45  1.224e+45
34.29  2.122e+49  9.001e+45  1.224e+45  1.224e+45
35.38  2.203e+49  9.334e+45  1.224e+45  1.224e+45
36.47  2.117e+49  9.216e+45  1.257e+45  1.257e+45
37.02  2.177e+49  9.46e+45  1.257e+45  1.257e+45
38.11  2.238e+49  9.704e+45  1.258e+45  1.258e+45
39.21  2.319e+49  1.003e+46  1.258e+45  1.258e+45
40.31  2.271e+49  1.001e+46  1.313e+45  1.313e+45
41.4  2.354e+49  1.037e+46  1.314e+45  1.314e+45
42.48  2.436e+49  1.072e+46  1.314e+45  1.314e+45
43.02  2.498e+49  1.1e+46  1.314e+45  1.314e+45
44.1  2.559e+49  1.127e+46  1.314e+45  1.314e+45
45.19  2.508e+49  1.141e+46  1.429e+45  1.429e+45
46.28  2.595e+49  1.178e+46  1.429e+45  1.429e+45
47.05  2.663e+49  1.166e+46  1.483e+45  1.483e+45
48.19  2.747e+49  1.182e+46  1.503e+45  1.503e+45
49.45  2.816e+49  1.2e+46  1.557e+45  1.557e+45
50.53  2.897e+49  1.231e+46  1.578e+45  1.578e+45
51.07  2.958e+49  1.257e+46  1.579e+45  1.579e+45
52.14  2.961e+49  1.262e+46  1.621e+45  1.621e+45
53.22  2.987e+49  1.28e+46  1.663e+45  1.663e+45
54.3  3.073e+49  1.32e+46  1.663e+45  1.663e+45
55.39  3.162e+49  1.362e+46  1.663e+45  1.663e+45
56.48  3.159e+49  1.376e+46  1.791e+45  1.791e+45
57.02  3.226e+49  1.405e+46  1.791e+45  1.791e+45
58.11  3.284e+49  1.431e+46  1.788e+45  1.788e+45
59.18  3.359e+49  1.465e+46  1.784e+45  1.784e+45
60.26  3.433e+49  1.499e+46  1.779e+45  1.779e+45
61.35  3.422e+49  1.498e+46  1.895e+45  1.895e+45
62.43  3.486e+49  1.532e+46  1.895e+45  1.895e+45
63.52  3.56e+49  1.568e+46  1.895e+45  1.895e+45
64.06  3.621e+49  1.596e+46  1.895e+45  1.895e+45
65.15  3.685e+49  1.626e+46  1.894e+45  1.894e+45
66.22  3.773e+49  1.675e+46  1.978e+45  1.978e+45
67.29  3.865e+49  1.723e+46  2.06e+45  2.06e+45
68.36  3.957e+49  1.765e+46  2.06e+45  2.06e+45
69.43  4.042e+49  1.808e+46  2.06e+45  2.06e+45
70.5  4.131e+49  1.855e+46  2.06e+45  2.06e+45
71.04  4.21e+49  1.903e+46  2.06e+45  2.06e+45
72.12  4.304e+49  1.847e+46  2.186e+45  2.186e+45
73.2  4.425e+49  1.904e+46  2.186e+45  2.186e+45
74.27  4.544e+49  1.979e+46  2.186e+45  2.186e+45
75.35  4.661e+49  2.068e+46  2.186e+45  2.186e+45
76.42  4.775e+49  2.173e+46  2.186e+45  2.186e+45
77.49  4.916e+49  1.977e+46  2.35e+45  2.35e+45
78.03  4.999e+49  2.055e+46  2.35e+45  2.35e+45
79.1  5.084e+49  2.144e+46  2.349e+45  2.349e+45
80.19  5.198e+49  2.277e+46  2.348e+45  2.348e+45
81.27  5.314e+49  2.425e+46  2.347e+45  2.347e+45
82.35  5.501e+49  2.287e+46  2.409e+45  2.409e+45
83.1  5.667e+49  2.119e+46  2.471e+45  2.471e+45
84.02  5.89e+49  2.143e+46  2.49e+45  2.49e+45
85.05  6.152e+49  2.146e+46  2.527e+45  2.527e+45
86.47  6.348e+49  2.179e+46  2.558e+45  2.558e+45
87  6.489e+49  2.098e+46  2.595e+45  2.595e+45
88.08  6.574e+49  2.233e+46  2.595e+45  2.595e+45
89.16  6.691e+49  2.166e+46  2.625e+45  2.625e+45
90.24  6.805e+49  2.107e+46  2.655e+45  2.655e+45
91.31  6.914e+49  2.276e+46  2.655e+45  2.655e+45
92.38  7.02e+49  2.432e+46  2.655e+45  2.655e+45
93.44  7.164e+49  2.061e+46  2.794e+45  2.794e+45
94.51  7.277e+49  2.228e+46  2.794e+45  2.794e+45
95.05  7.363e+49  2.349e+46  2.794e+45  2.794e+45
96.12  7.448e+49  2.466e+46  2.794e+45  2.794e+45
97.2  7.561e+49  2.617e+46  2.794e+45  2.794e+45
98.28  7.874e+49  2.157e+46  2.936e+45  2.936e+45
99.35  7.985e+49  2.315e+46  2.936e+45  2.936e+45
100.4  8.098e+49  2.468e+46  2.935e+45  2.935e+45
101.5  8.208e+49  2.616e+46  2.935e+45  2.935e+45
102  8.29e+49  2.728e+46  2.935e+45  2.935e+45
103.1  8.583e+49  2.547e+46  3.037e+45  3.037e+45
104.2  8.905e+49  2.402e+46  3.139e+45  3.139e+45
105.2  9.007e+49  2.553e+46  3.139e+45  3.139e+45
106.3  9.115e+49  2.706e+46  3.139e+45  3.139e+45
107.4  9.222e+49  2.861e+46  3.139e+45  3.139e+45
108.5  9.646e+49  2.738e+46  3.268e+45  3.268e+45
109.5  1.007e+50  2.613e+46  3.397e+45  3.397e+45
110.1  1.015e+50  2.726e+46  3.397e+45  3.397e+45
111.1  1.023e+50  2.839e+46  3.397e+45  3.397e+45
112.2  1.033e+50  2.989e+46  3.397e+45  3.397e+45
113.3  1.044e+50  3.138e+46  3.396e+45  3.396e+45
114.3  1.142e+50  2.753e+46  3.667e+45  3.667e+45
115.4  1.152e+50  2.899e+46  3.667e+45  3.667e+45
116.5  1.162e+50  3.042e+46  3.666e+45  3.666e+45
117  1.17e+50  3.157e+46  3.666e+45  3.666e+45
118.1  1.178e+50  3.277e+46  3.666e+45  3.666e+45
119.1  1.243e+50  3.152e+46  3.779e+45  3.779e+45
120.2  1.307e+50  3.023e+46  3.892e+45  3.892e+45
121.2  1.317e+50  3.181e+46  3.892e+45  3.892e+45
122.3  1.328e+50  3.339e+46  3.893e+45  3.893e+45
123.4  1.338e+50  3.499e+46  3.893e+45  3.893e+45
124.4  1.414e+50  3.374e+46  4.022e+45  4.022e+45
125.5  1.49e+50  3.248e+46  4.152e+45  4.152e+45
126.2  1.498e+50  3.379e+46  4.151e+45  4.151e+45
127.1  1.598e+50  3.379e+46  4.273e+45  4.273e+45
128.1  1.607e+50  3.536e+46  4.272e+45  4.272e+45
129.5  1.695e+50  3.466e+46  4.383e+45  4.383e+45
130.5  1.736e+50  3.551e+46  4.426e+45  4.426e+45
131  1.744e+50  3.659e+46  4.426e+45  4.426e+45
132.1  1.803e+50  3.536e+46  4.519e+45  4.519e+45
133.1  1.865e+50  3.446e+46  4.612e+45  4.612e+45
134.1  1.874e+50  3.573e+46  4.613e+45  4.613e+45
135.2  1.883e+50  3.694e+46  4.613e+45  4.613e+45
136.2  1.965e+50  3.598e+46  4.733e+45  4.733e+45
137.3  2.046e+50  3.502e+46  4.852e+45  4.852e+45
138.3  2.055e+50  3.613e+46  4.851e+45  4.851e+45
139.3  2.063e+50  3.719e+46  4.85e+45  4.85e+45
140.3  2.071e+50  3.821e+46  4.85e+45  4.85e+45
141.4  2.184e+50  3.696e+46  4.994e+45  4.994e+45
142.4  2.298e+50  3.566e+46  5.139e+45  5.139e+45
143.4  2.306e+50  3.659e+46  5.138e+45  5.138e+45
144.4  2.315e+50  3.773e+46  5.139e+45  5.139e+45
145.4  2.324e+50  3.891e+46  5.141e+45  5.141e+45
146.5  2.471e+50  3.828e+46  5.289e+45  5.289e+45
147.5  2.619e+50  3.756e+46  5.437e+45  5.437e+45
148.5  2.627e+50  3.868e+46  5.437e+45  5.437e+45
149.5  2.635e+50  3.981e+46  5.437e+45  5.437e+45
150.5  2.644e+50  4.098e+46  5.437e+45  5.437e+45
151.5  2.831e+50  4.075e+46  5.648e+45  5.648e+45
152.5  3.018e+50  4.049e+46  5.859e+45  5.859e+45
153  3.023e+50  4.13e+46  5.857e+45  5.857e+45
154  3.028e+50  4.211e+46  5.857e+45  5.857e+45
155  3.035e+50  4.315e+46  5.855e+45  5.855e+45
156.5  3.191e+50  4.365e+46  5.992e+45  5.992e+45
157.5  3.493e+50  4.324e+46  6.267e+45  6.267e+45
158.5  3.5e+50  4.429e+46  6.268e+45  6.268e+45
159.4  3.508e+50  4.535e+46  6.269e+45  6.269e+45
160.4  3.515e+50  4.641e+46  6.269e+45  6.269e+45
161.4  3.79e+50  4.633e+46  6.512e+45  6.512e+45
162.3  4.066e+50  4.622e+46  6.754e+45  6.754e+45
163.3  4.072e+50  4.723e+46  6.753e+45  6.753e+45
164.3  4.078e+50  4.823e+46  6.751e+45  6.751e+45
165.2  4.084e+50  4.92e+46  6.75e+45  6.75e+45
166.2  4.41e+50  4.905e+46  6.934e+45  6.934e+45
167.1  4.735e+50  4.889e+46  7.119e+45  7.119e+45
168.1  4.743e+50  4.989e+46  7.121e+45  7.121e+45
169  4.751e+50  5.088e+46  7.123e+45  7.123e+45
170.5  4.76e+50  5.209e+46  7.124e+45  7.124e+45
171.4  5.477e+50  5.147e+46  7.603e+45  7.603e+45
172.3  5.483e+50  5.237e+46  7.603e+45  7.603e+45
173.3  5.489e+50  5.323e+46  7.603e+45  7.603e+45
174.2  5.495e+50  5.408e+46  7.601e+45  7.601e+45
175.1  5.5e+50  5.488e+46  7.599e+45  7.599e+45
176.1  6.355e+50  5.496e+46  8.103e+45  8.103e+45
177  6.359e+50  5.568e+46  8.099e+45  8.099e+45
178.4  6.365e+50  5.66e+46  8.097e+45  8.097e+45
179.3  6.375e+50  5.778e+46  8.099e+45  8.099e+45
180.2  6.868e+50  5.874e+46  8.404e+45  8.404e+45
181.1  7.358e+50  5.964e+46  8.709e+45  8.709e+45
182.1  7.366e+50  6.053e+46  8.712e+45  8.712e+45
183.4  7.373e+50  6.164e+46  8.712e+45  8.712e+45
184.3  7.381e+50  6.274e+46  8.712e+45  8.712e+45
185.2  8.454e+50  6.327e+46  9.175e+45  9.175e+45
186.1  8.457e+50  6.407e+46  9.174e+45  9.174e+45
187  8.46e+50  6.484e+46  9.169e+45  9.169e+45
188.4  8.463e+50  6.577e+46  9.167e+45  9.167e+45
189.3  9.098e+50  6.682e+46  9.448e+45  9.448e+45
190.2  9.737e+50  6.775e+46  9.734e+45  9.734e+45
191.1  9.744e+50  6.858e+46  9.738e+45  9.738e+45
192.1  1.058e+51  7.21e+46  9.977e+45  9.977e+45
193.1  1.059e+51  7.307e+46  9.981e+45  9.981e+45
194.4  1.132e+51  7.386e+46  1.023e+46  1.023e+46
195.2  1.166e+51  7.461e+46  1.034e+46  1.034e+46
196.1  1.166e+51  7.527e+46  1.034e+46  1.034e+46
197.4  1.209e+51  7.572e+46  1.049e+46  1.049e+46
198.3  1.294e+51  7.579e+46  1.08e+46  1.08e+46
199.2  1.294e+51  7.627e+46  1.079e+46  1.079e+46
200  1.295e+51  7.697e+46  1.079e+46  1.079e+46
201.3  1.296e+51  7.79e+46  1.08e+46  1.08e+46
202.2  1.486e+51  7.811e+46  1.135e+46  1.135e+46
203  1.487e+51  7.877e+46  1.136e+46  1.136e+46
204.3  1.487e+51  7.957e+46  1.136e+46  1.136e+46
205.1  1.488e+51  8.034e+46  1.136e+46  1.136e+46
206.4  1.643e+51  8.191e+46  1.173e+46  1.173e+46
207.2  1.72e+51  8.298e+46  1.191e+46  1.191e+46
208.1  1.72e+51  8.341e+46  1.19e+46  1.19e+46
209.3  1.72e+51  8.391e+46  1.19e+46  1.19e+46
210.2  1.857e+51  8.549e+46  1.225e+46  1.225e+46
211.4  1.995e+51  8.71e+46  1.26e+46  1.26e+46
212.2  1.997e+51  8.788e+46  1.261e+46  1.261e+46
213  1.998e+51  8.849e+46  1.261e+46  1.261e+46
214.3  2.106e+51  9.038e+46  1.285e+46  1.285e+46
215.1  2.323e+51  9.333e+46  1.332e+46  1.332e+46
216.3  2.324e+51  9.396e+46  1.332e+46  1.332e+46
217.1  2.323e+51  9.454e+46  1.331e+46  1.331e+46
218.3  2.447e+51  9.641e+46  1.351e+46  1.351e+46
219.1  2.695e+51  9.951e+46  1.39e+46  1.39e+46
220.3  2.696e+51  1.001e+47  1.391e+46  1.391e+46
221.1  2.698e+51  1.008e+47  1.392e+46  1.392e+46
222.3  2.851e+51  1.031e+47  1.417e+46  1.417e+46
223  3.156e+51  1.069e+47  1.469e+46  1.469e+46
224.2  3.157e+51  1.075e+47  1.469e+46  1.469e+46
225.4  3.157e+51  1.081e+47  1.469e+46  1.469e+46
226.1  3.398e+51  1.12e+47  1.513e+46  1.513e+46
227.3  3.639e+51  1.158e+47  1.557e+46  1.557e+46
228  3.637e+51  1.16e+47  1.556e+46  1.556e+46
229.2  3.637e+51  1.164e+47  1.556e+46  1.556e+46
230.3  4.041e+51  1.227e+47  1.615e+46  1.615e+46
231.1  4.246e+51  1.261e+47  1.646e+46  1.646e+46
232.2  4.249e+51  1.266e+47  1.646e+46  1.646e+46
233.3  4.626e+51  1.329e+47  1.683e+46  1.683e+46
234  4.816e+51  1.362e+47  1.702e+46  1.702e+46
235.1  4.816e+51  1.366e+47  1.702e+46  1.702e+46
236.3  5.068e+51  1.397e+47  1.722e+46  1.722e+46
237.3  5.571e+51  1.454e+47  1.762e+46  1.762e+46
238.1  5.569e+51  1.456e+47  1.761e+46  1.761e+46
239.2  6.035e+51  1.513e+47  1.809e+46  1.809e+46
240.2  6.274e+51  1.546e+47  1.835e+46  1.835e+46
241.3  6.811e+51  1.602e+47  1.86e+46  1.86e+46
242  7.08e+51  1.631e+47  1.873e+46  1.873e+46
243.1  7.367e+51  1.656e+47  1.891e+46  1.891e+46
244.1  7.938e+51  1.701e+47  1.928e+46  1.928e+46
245.1  8.475e+51  1.746e+47  1.953e+46  1.953e+46
246.2  8.744e+51  1.769e+47  1.966e+46  1.966e+46
247.1  9.53e+51  1.821e+47  1.998e+46  1.998e+46
248.1  9.856e+51  1.839e+47  2.011e+46  2.011e+46
249  1.052e+52  1.876e+47  2.041e+46  2.041e+46
250.3  1.126e+52  1.919e+47  2.074e+46  2.074e+46
251.1  1.202e+52  1.971e+47  2.109e+46  2.109e+46
252  1.258e+52  2.008e+47  2.127e+46  2.127e+46
253.1  1.341e+52  2.058e+47  2.152e+46  2.152e+46
254.2  1.43e+52  2.115e+47  2.204e+46  2.204e+46
255.2  1.536e+52  2.172e+47  2.247e+46  2.247e+46
256.2  1.639e+52  2.226e+47  2.282e+46  2.282e+46
257.2  1.751e+52  2.28e+47  2.318e+46  2.318e+46
258.1  1.867e+52  2.346e+47  2.375e+46  2.375e+46
259  2.014e+52  2.427e+47  2.434e+46  2.434e+46
260.1  2.187e+52  2.524e+47  2.492e+46  2.492e+46
261.1  2.39e+52  2.632e+47  2.549e+46  2.549e+46
262  2.606e+52  2.755e+47  2.607e+46  2.607e+46
263.1  2.862e+52  2.873e+47  2.647e+46  2.647e+46
264  3.148e+52  2.954e+47  2.663e+46  2.663e+46
265  3.497e+52  3.022e+47  2.657e+46  2.657e+46
266.1  3.925e+52  3.108e+47  2.66e+46  2.66e+46
267  4.484e+52  3.171e+47  2.691e+46  2.691e+46
268  5.153e+52  3.201e+47  2.745e+46  2.745e+46
269  5.936e+52  3.21e+47  2.795e+46  2.795e+46
270  6.832e+52  3.206e+47  2.812e+46  2.812e+46
271  7.959e+52  3.225e+47  2.838e+46  2.838e+46
272  9.33e+52  3.278e+47  2.886e+46  2.886e+46
273  1.076e+53  3.335e+47  2.9e+46  2.9e+46
274  1.182e+53  3.411e+47  3.104e+46  3.104e+46
275  1.198e+53  2.395e+48  8.147e+48  8.147e+48
276  1.185e+53  4.452e+49  3.455e+50  3.455e+50
277  1.595e+53  1.429e+50  2.07e+51  2.07e+51
278  2.591e+53  2.027e+50  4.644e+51  4.644e+51
279  3.371e+53  3.05e+50  7.137e+51  7.137e+51
280  3.578e+53  8.456e+50  9.819e+51  9.819e+51
281  3.437e+53  2.144e+51  1.257e+52  1.257e+52
282  3.104e+53  3.678e+51  1.458e+52  1.458e+52
283  2.671e+53  5.135e+51  1.556e+52  1.556e+52
284  2.28e+53  7.027e+51  1.605e+52  1.605e+52
285  1.978e+53  9.345e+51  1.664e+52  1.664e+52
286  1.746e+53  1.142e+52  1.774e+52  1.774e+52
287  1.558e+53  1.377e+52  1.958e+52  1.958e+52
288  1.412e+53  1.827e+52  2.196e+52  2.196e+52
289  1.316e+53  2.677e+52  2.45e+52  2.45e+52
290  1.254e+53  3.682e+52  2.658e+52  2.658e+52
291  1.18e+53  4.305e+52  2.76e+52  2.76e+52
292  1.084e+53  4.439e+52  2.777e+52  2.777e+52
293  9.894e+52  4.329e+52  2.748e+52  2.748e+52
294  9.061e+52  4.159e+52  2.683e+52  2.683e+52
295  8.369e+52  4.028e+52  2.598e+52  2.598e+52
296  7.826e+52  4.017e+52  2.514e+52  2.514e+52
297  7.463e+52  4.146e+52  2.442e+52  2.442e+52
298  7.23e+52  4.356e+52  2.377e+52  2.377e+52
299  7.076e+52  4.585e+52  2.321e+52  2.321e+52
300  8.402e+52  4.919e+52  2.401e+52  2.401e+52
301  8.252e+52  5.079e+52  2.388e+52  2.388e+52
302  8.167e+52  5.218e+52  2.372e+52  2.372e+52
303  8.154e+52  5.354e+52  2.357e+52  2.357e+52
304  8.203e+52  5.496e+52  2.346e+52  2.346e+52
305  8.291e+52  5.641e+52  2.34e+52  2.34e+52
306  8.397e+52  5.782e+52  2.345e+52  2.345e+52
307  8.515e+52  5.903e+52  2.361e+52  2.361e+52
308  8.636e+52  5.99e+52  2.387e+52  2.387e+52
309  8.746e+52  6.037e+52  2.42e+52  2.42e+52
310  8.84e+52  6.05e+52  2.458e+52  2.458e+52
311  8.909e+52  6.031e+52  2.497e+52  2.497e+52
312  8.943e+52  5.989e+52  2.538e+52  2.538e+52
313  8.945e+52  5.935e+52  2.578e+52  2.578e+52
314  8.925e+52  5.874e+52  2.62e+52  2.62e+52
315  8.894e+52  5.81e+52  2.664e+52  2.664e+52
316  8.851e+52  5.745e+52  2.712e+52  2.712e+52
317  8.79e+52  5.682e+52  2.759e+52  2.759e+52
318  8.707e+52  5.612e+52  2.806e+52  2.806e+52
319  8.603e+52  5.533e+52  2.852e+52  2.852e+52
320  8.48e+52  5.445e+52  2.899e+52  2.899e+52
321  8.333e+52  5.343e+52  2.943e+52  2.943e+52
322  8.162e+52  5.228e+52  2.985e+52  2.985e+52
323  7.965e+52  5.107e+52  3.023e+52  3.023e+52
324  7.737e+52  4.986e+52  3.058e+52  3.058e+52
325  7.493e+52  4.874e+52  3.094e+52  3.094e+52
326  7.26e+52  4.777e+52  3.129e+52  3.129e+52
327  7.048e+52  4.698e+52  3.162e+52  3.162e+52
328  6.854e+52  4.644e+52  3.188e+52  3.188e+52
329  6.673e+52  4.617e+52  3.205e+52  3.205e+52
330  6.516e+52  4.622e+52  3.217e+52  3.217e+52
331  6.383e+52  4.656e+52  3.229e+52  3.229e+52
332  6.278e+52  4.713e+52  3.243e+52  3.243e+52
333  6.205e+52  4.781e+52  3.257e+52  3.257e+52
334  6.166e+52  4.854e+52  3.272e+52  3.272e+52
335  6.152e+52  4.937e+52  3.288e+52  3.288e+52
336  6.142e+52  5.022e+52  3.3e+52  3.3e+52
337  6.138e+52  5.109e+52  3.311e+52  3.311e+52
338  6.144e+52  5.197e+52  3.325e+52  3.325e+52
339  6.158e+52  5.279e+52  3.342e+52  3.342e+52
340  6.178e+52  5.351e+52  3.358e+52  3.358e+52
341  6.204e+52  5.411e+52  3.37e+52  3.37e+52
342  6.235e+52  5.469e+52  3.382e+52  3.382e+52
343  6.263e+52  5.53e+52  3.396e+52  3.396e+52
344  6.288e+52  5.592e+52  3.409e+52  3.409e+52
345  6.323e+52  5.652e+52  3.425e+52  3.425e+52
346  6.361e+52  5.703e+52  3.437e+52  3.437e+52
347  6.399e+52  5.754e+52  3.446e+52  3.446e+52
348  6.44e+52  5.812e+52  3.456e+52  3.456e+52
349  6.476e+52  5.87e+52  3.466e+52  3.466e+52
350  6.507e+52  5.921e+52  3.476e+52  3.476e+52
351  6.542e+52  5.97e+52  3.49e+52  3.49e+52
352  6.581e+52  6.014e+52  3.505e+52  3.505e+52
353  6.614e+52  6.049e+52  3.515e+52  3.515e+52
354  6.64e+52  6.081e+52  3.524e+52  3.524e+52
355  6.65e+52  6.111e+52  3.529e+52  3.529e+52
356  6.656e+52  6.141e+52  3.534e+52  3.534e+52
357  6.674e+52  6.177e+52  3.544e+52  3.544e+52
358  6.702e+52  6.216e+52  3.556e+52  3.556e+52
359  6.735e+52  6.258e+52  3.567e+52  3.567e+52
360  6.769e+52  6.302e+52  3.577e+52  3.577e+52
361  6.799e+52  6.341e+52  3.584e+52  3.584e+52
362  6.831e+52  6.383e+52  3.593e+52  3.593e+52
363  6.871e+52  6.429e+52  3.605e+52  3.605e+52
364  6.914e+52  6.471e+52  3.614e+52  3.614e+52
365  6.938e+52  6.493e+52  3.611e+52  3.611e+52
366  6.964e+52  6.527e+52  3.611e+52  3.611e+52
367  7e+52  6.577e+52  3.618e+52  3.618e+52
368  7.035e+52  6.627e+52  3.627e+52  3.627e+52
369  7.065e+52  6.662e+52  3.635e+52  3.635e+52
370  7.091e+52  6.686e+52  3.641e+52  3.641e+52
371  7.116e+52  6.706e+52  3.647e+52  3.647e+52
372  7.134e+52  6.723e+52  3.648e+52  3.648e+52
373  7.155e+52  6.75e+52  3.651e+52  3.651e+52
374  7.187e+52  6.794e+52  3.659e+52  3.659e+52
375  7.231e+52  6.851e+52  3.672e+52  3.672e+52
376  7.294e+52  6.916e+52  3.692e+52  3.692e+52
377  7.358e+52  6.972e+52  3.71e+52  3.71e+52
378  7.412e+52  7.019e+52  3.723e+52  3.723e+52
379  7.448e+52  7.054e+52  3.73e+52  3.73e+52
380  7.477e+52  7.082e+52  3.733e+52  3.733e+52
381  7.508e+52  7.112e+52  3.737e+52  3.737e+52
382  7.548e+52  7.15e+52  3.744e+52  3.744e+52
383  7.587e+52  7.189e+52  3.749e+52  3.749e+52
384  7.615e+52  7.22e+52  3.751e+52  3.751e+52
385  7.639e+52  7.25e+52  3.755e+52  3.755e+52
386  7.682e+52  7.299e+52  3.773e+52  3.773e+52
387  7.718e+52  7.337e+52  3.789e+52  3.789e+52
388  7.735e+52  7.351e+52  3.797e+52  3.797e+52
389  7.734e+52  7.346e+52  3.797e+52  3.797e+52
390  7.733e+52  7.346e+52  3.797e+52  3.797e+52
391  7.747e+52  7.365e+52  3.803e+52  3.803e+52
392  7.776e+52  7.403e+52  3.814e+52  3.814e+52
393  7.812e+52  7.447e+52  3.827e+52  3.827e+52
394  7.834e+52  7.474e+52  3.833e+52  3.833e+52
395  7.847e+52  7.483e+52  3.832e+52  3.832e+52
396  7.867e+52  7.494e+52  3.832e+52  3.832e+52
397  7.886e+52  7.509e+52  3.832e+52  3.832e+52
398  7.897e+52  7.526e+52  3.832e+52  3.832e+52
399  7.913e+52  7.545e+52  3.836e+52  3.836e+52
400  7.938e+52  7.568e+52  3.845e+52  3.845e+52
401  7.955e+52  7.581e+52  3.854e+52  3.854e+52
402  7.958e+52  7.581e+52  3.86e+52  3.86e+52
403  7.948e+52  7.572e+52  3.862e+52  3.862e+52
404  7.934e+52  7.56e+52  3.864e+52  3.864e+52
405  7.936e+52  7.561e+52  3.87e+52  3.87e+52
406  7.948e+52  7.571e+52  3.876e+52  3.876e+52
407  7.968e+52  7.587e+52  3.881e+52  3.881e+52
408  7.99e+52  7.606e+52  3.883e+52  3.883e+52
409  8.026e+52  7.636e+52  3.891e+52  3.891e+52
410  8.081e+52  7.682e+52  3.908e+52  3.908e+52
411  8.082e+52  7.679e+52  3.901e+52  3.901e+52
412  8.092e+52  7.685e+52  3.9e+52  3.9e+52
413  8.091e+52  7.678e+52  3.896e+52  3.896e+52
414  8.089e+52  7.671e+52  3.893e+52  3.893e+52
415  8.096e+52  7.677e+52  3.898e+52  3.898e+52
416  8.114e+52  7.698e+52  3.908e+52  3.908e+52
417  8.133e+52  7.719e+52  3.917e+52  3.917e+52
418  8.146e+52  7.731e+52  3.921e+52  3.921e+52
419  8.134e+52  7.715e+52  3.91e+52  3.91e+52
420  8.135e+52  7.715e+52  3.903e+52  3.903e+52
421  8.142e+52  7.724e+52  3.898e+52  3.898e+52
422  8.159e+52  7.741e+52  3.897e+52  3.897e+52
423  8.189e+52  7.766e+52  3.899e+52  3.899e+52
424  8.226e+52  7.797e+52  3.901e+52  3.901e+52
425  8.271e+52  7.838e+52  3.906e+52  3.906e+52
426  8.31e+52  7.874e+52  3.907e+52  3.907e+52
427  8.348e+52  7.908e+52  3.908e+52  3.908e+52
428  8.382e+52  7.933e+52  3.908e+52  3.908e+52
429  8.403e+52  7.947e+52  3.904e+52  3.904e+52
430  8.412e+52  7.954e+52  3.898e+52  3.898e+52
431  8.41e+52  7.952e+52  3.89e+52  3.89e+52
432  8.438e+52  7.978e+52  3.898e+52  3.898e+52
433  8.442e+52  7.979e+52  3.894e+52  3.894e+52
434  8.463e+52  7.997e+52  3.894e+52  3.894e+52
435  8.489e+52  8.021e+52  3.894e+52  3.894e+52
436  8.513e+52  8.041e+52  3.891e+52  3.891e+52
437  8.528e+52  8.051e+52  3.883e+52  3.883e+52
438  8.524e+52  8.04e+52  3.869e+52  3.869e+52
439  8.51e+52  8.022e+52  3.852e+52  3.852e+52
440  8.525e+52  8.031e+52  3.852e+52  3.852e+52
441  8.536e+52  8.036e+52  3.849e+52  3.849e+52
442  8.55e+52  8.042e+52  3.843e+52  3.843e+52
443  8.566e+52  8.053e+52  3.835e+52  3.835e+52
444  8.577e+52  8.062e+52  3.824e+52  3.824e+52
445  8.587e+52  8.067e+52  3.814e+52  3.814e+52
446  8.59e+52  8.065e+52  3.806e+52  3.806e+52
447  8.58e+52  8.052e+52  3.794e+52  3.794e+52
448  8.548e+52  8.021e+52  3.775e+52  3.775e+52
449  8.51e+52  7.986e+52  3.758e+52  3.758e+52
450  8.473e+52  7.95e+52  3.744e+52  3.744e+52
451  8.441e+52  7.921e+52  3.732e+52  3.732e+52
452  8.422e+52  7.904e+52  3.72e+52  3.72e+52
453  8.424e+52  7.907e+52  3.713e+52  3.713e+52
454  8.436e+52  7.917e+52  3.708e+52  3.708e+52
455  8.436e+52  7.916e+52  3.699e+52  3.699e+52
456  8.414e+52  7.892e+52  3.68e+52  3.68e+52
457  8.371e+52  7.85e+52  3.655e+52  3.655e+52
458  8.345e+52  7.825e+52  3.638e+52  3.638e+52
459  8.327e+52  7.809e+52  3.625e+52  3.625e+52
460  8.321e+52  7.806e+52  3.616e+52  3.616e+52
461  8.328e+52  7.814e+52  3.611e+52  3.611e+52
462  8.331e+52  7.82e+52  3.602e+52  3.602e+52
463  8.333e+52  7.823e+52  3.593e+52  3.593e+52
464  8.329e+52  7.818e+52  3.581e+52  3.581e+52
465  8.321e+52  7.81e+52  3.568e+52  3.568e+52
466  8.31e+52  7.8e+52  3.555e+52  3.555e+52
467  8.295e+52  7.788e+52  3.539e+52  3.539e+52
468  8.294e+52  7.788e+52  3.527e+52  3.527e+52
469  8.317e+52  7.808e+52  3.522e+52  3.522e+52
470  8.349e+52  7.837e+52  3.517e+52  3.517e+52
471  8.387e+52  7.871e+52  3.512e+52  3.512e+52
472  8.422e+52  7.903e+52  3.505e+52  3.505e+52
473  8.423e+52  7.901e+52  3.487e+52  3.487e+52
474  8.411e+52  7.889e+52  3.469e+52  3.469e+52
475  8.394e+52  7.873e+52  3.451e+52  3.451e+52
476  8.374e+52  7.856e+52  3.434e+52  3.434e+52
477  8.378e+52  7.86e+52  3.427e+52  3.427e+52
478  8.406e+52  7.887e+52  3.43e+52  3.43e+52
479  8.423e+52  7.904e+52  3.425e+52  3.425e+52
480  8.43e+52  7.912e+52  3.417e+52  3.417e+52
481  8.437e+52  7.918e+52  3.409e+52  3.409e+52
482  8.443e+52  7.924e+52  3.399e+52  3.399e+52
483  8.45e+52  7.932e+52  3.388e+52  3.388e+52
484  8.429e+52  7.914e+52  3.367e+52  3.367e+52
485  8.422e+52  7.906e+52  3.351e+52  3.351e+52
486  8.43e+52  7.914e+52  3.339e+52  3.339e+52
487  8.437e+52  7.923e+52  3.326e+52  3.326e+52
488  8.434e+52  7.924e+52  3.313e+52  3.313e+52
489  8.419e+52  7.911e+52  3.302e+52  3.302e+52
490  8.39e+52  7.886e+52  3.288e+52  3.288e+52
491  8.361e+52  7.86e+52  3.274e+52  3.274e+52
492  8.34e+52  7.843e+52  3.262e+52  3.262e+52
493  8.313e+52  7.82e+52  3.249e+52  3.249e+52
494  8.305e+52  7.813e+52  3.243e+52  3.243e+52
495  8.306e+52  7.814e+52  3.236e+52  3.236e+52
496  8.313e+52  7.821e+52  3.229e+52  3.229e+52
497  8.319e+52  7.827e+52  3.221e+52  3.221e+52
498  8.306e+52  7.815e+52  3.205e+52  3.205e+52
499  8.29e+52  7.801e+52  3.187e+52  3.187e+52
500  8.282e+52  7.794e+52  3.171e+52  3.171e+52
501  8.277e+52  7.792e+52  3.154e+52  3.154e+52
502  8.273e+52  7.789e+52  3.136e+52  3.136e+52
503  8.254e+52  7.773e+52  3.119e+52  3.119e+52
504  8.221e+52  7.743e+52  3.101e+52  3.101e+52
505  8.204e+52  7.731e+52  3.091e+52  3.091e+52
506  8.171e+52  7.704e+52  3.079e+52  3.079e+52
507  8.123e+52  7.663e+52  3.063e+52  3.063e+52
508  8.096e+52  7.639e+52  3.05e+52  3.05e+52
509  8.098e+52  7.641e+52  3.039e+52  3.039e+52
510  8.104e+52  7.648e+52  3.025e+52  3.025e+52
511  8.103e+52  7.649e+52  3.01e+52  3.01e+52
512  8.09e+52  7.638e+52  2.996e+52  2.996e+52
513  8.077e+52  7.627e+52  2.98e+52  2.98e+52
514  8.085e+52  7.634e+52  2.966e+52  2.966e+52
515  8.115e+52  7.661e+52  2.954e+52  2.954e+52
516  8.153e+52  7.697e+52  2.944e+52  2.944e+52
517  8.157e+52  7.702e+52  2.927e+52  2.927e+52
518  8.168e+52  7.712e+52  2.913e+52  2.913e+52
519  8.194e+52  7.735e+52  2.907e+52  2.907e+52
520  8.214e+52  7.753e+52  2.899e+52  2.899e+52
521  8.223e+52  7.763e+52  2.89e+52  2.89e+52
522  8.24e+52  7.778e+52  2.886e+52  2.886e+52
523  8.255e+52  7.792e+52  2.882e+52  2.882e+52
524  8.278e+52  7.813e+52  2.878e+52  2.878e+52
525  8.303e+52  7.836e+52  2.874e+52  2.874e+52
526  8.33e+52  7.86e+52  2.872e+52  2.872e+52
527  8.375e+52  7.901e+52  2.873e+52  2.873e+52
528  8.446e+52  7.966e+52  2.878e+52  2.878e+52
529  8.508e+52  8.024e+52  2.88e+52  2.88e+52
530  8.537e+52  8.054e+52  2.88e+52  2.88e+52
531  8.531e+52  8.05e+52  2.873e+52  2.873e+52
532  8.533e+52  8.051e+52  2.866e+52  2.866e+52
533  8.544e+52  8.06e+52  2.862e+52  2.862e+52
534  8.55e+52  8.067e+52  2.858e+52  2.858e+52
535  8.543e+52  8.063e+52  2.852e+52  2.852e+52
536  8.523e+52  8.049e+52  2.846e+52  2.846e+52
537  8.505e+52  8.033e+52  2.84e+52  2.84e+52
538  8.527e+52  8.055e+52  2.844e+52  2.844e+52
539  8.537e+52  8.066e+52  2.841e+52  2.841e+52
540  8.538e+52  8.07e+52  2.835e+52  2.835e+52
541  8.545e+52  8.079e+52  2.83e+52  2.83e+52
542  8.563e+52  8.096e+52  2.826e+52  2.826e+52
543  8.575e+52  8.11e+52  2.822e+52  2.822e+52
544  8.564e+52  8.103e+52  2.816e+52  2.816e+52
545  8.522e+52  8.065e+52  2.805e+52  2.805e+52
546  8.474e+52  8.022e+52  2.793e+52  2.793e+52
547  8.44e+52  7.991e+52  2.782e+52  2.782e+52
548  8.378e+52  7.936e+52  2.762e+52  2.762e+52
549  8.317e+52  7.881e+52  2.743e+52  2.743e+52
550  8.262e+52  7.833e+52  2.727e+52  2.727e+52
551  8.229e+52  7.803e+52  2.714e+52  2.714e+52
552  8.238e+52  7.813e+52  2.711e+52  2.711e+52
553  8.25e+52  7.827e+52  2.707e+52  2.707e+52
554  8.255e+52  7.835e+52  2.702e+52  2.702e+52
555  8.254e+52  7.838e+52  2.696e+52  2.696e+52
556  8.245e+52  7.831e+52  2.688e+52  2.688e+52
557  8.229e+52  7.817e+52  2.678e+52  2.678e+52
558  8.222e+52  7.813e+52  2.668e+52  2.668e+52
559  8.21e+52  7.805e+52  2.656e+52  2.656e+52
560  8.197e+52  7.794e+52  2.646e+52  2.646e+52
561  8.183e+52  7.782e+52  2.635e+52  2.635e+52
562  8.17e+52  7.772e+52  2.627e+52  2.627e+52
563  8.153e+52  7.757e+52  2.62e+52  2.62e+52
564  8.151e+52  7.757e+52  2.614e+52  2.614e+52
565  8.174e+52  7.78e+52  2.61e+52  2.61e+52
566  8.24e+52  7.844e+52  2.613e+52  2.613e+52
567  8.328e+52  7.929e+52  2.62e+52  2.62e+52
568  8.387e+52  7.986e+52  2.621e+52  2.621e+52
569  8.446e+52  8.042e+52  2.629e+52  2.629e+52
570  8.471e+52  8.066e+52  2.632e+52  2.632e+52
571  8.477e+52  8.071e+52  2.633e+52  2.633e+52
572  8.483e+52  8.076e+52  2.632e+52  2.632e+52
573  8.485e+52  8.079e+52  2.629e+52  2.629e+52
574  8.482e+52  8.077e+52  2.624e+52  2.624e+52
575  8.472e+52  8.069e+52  2.62e+52  2.62e+52
576  8.454e+52  8.052e+52  2.614e+52  2.614e+52
577  8.437e+52  8.036e+52  2.606e+52  2.606e+52
578  8.44e+52  8.04e+52  2.605e+52  2.605e+52
579  8.425e+52  8.026e+52  2.602e+52  2.602e+52
580  8.396e+52  7.999e+52  2.596e+52  2.596e+52
581  8.378e+52  7.985e+52  2.59e+52  2.59e+52
582  8.373e+52  7.982e+52  2.588e+52  2.588e+52
583  8.367e+52  7.979e+52  2.582e+52  2.582e+52
584  8.362e+52  7.978e+52  2.575e+52  2.575e+52
585  8.328e+52  7.949e+52  2.564e+52  2.564e+52
586  8.277e+52  7.902e+52  2.551e+52  2.551e+52
587  8.205e+52  7.835e+52  2.533e+52  2.533e+52
588  8.121e+52  7.757e+52  2.513e+52  2.513e+52
589  8.054e+52  7.696e+52  2.497e+52  2.497e+52
590  7.996e+52  7.644e+52  2.481e+52  2.481e+52
591  7.953e+52  7.607e+52  2.465e+52  2.465e+52
592  7.924e+52  7.583e+52  2.45e+52  2.45e+52
593  7.913e+52  7.575e+52  2.436e+52  2.436e+52
594  7.898e+52  7.565e+52  2.424e+52  2.424e+52
595  7.886e+52  7.557e+52  2.414e+52  2.414e+52
596  7.881e+52  7.555e+52  2.404e+52  2.404e+52
597  7.878e+52  7.556e+52  2.395e+52  2.395e+52
598  7.857e+52  7.538e+52  2.384e+52  2.384e+52
599  7.823e+52  7.508e+52  2.372e+52  2.372e+52
600  7.805e+52  7.493e+52  2.362e+52  2.362e+52
601  7.808e+52  7.499e+52  2.358e+52  2.358e+52
602  7.82e+52  7.513e+52  2.356e+52  2.356e+52
603  7.83e+52  7.527e+52  2.353e+52  2.353e+52
604  7.822e+52  7.521e+52  2.348e+52  2.348e+52
605  7.794e+52  7.495e+52  2.34e+52  2.34e+52
606  7.77e+52  7.472e+52  2.331e+52  2.331e+52
607  7.749e+52  7.452e+52  2.323e+52  2.323e+52
608  7.738e+52  7.445e+52  2.316e+52  2.316e+52
609  7.733e+52  7.442e+52  2.31e+52  2.31e+52
610  7.738e+52  7.449e+52  2.305e+52  2.305e+52
611  7.755e+52  7.467e+52  2.301e+52  2.301e+52
612  7.766e+52  7.479e+52  2.297e+52  2.297e+52
613  7.745e+52  7.46e+52  2.287e+52  2.287e+52
614  7.706e+52  7.425e+52  2.276e+52  2.276e+52
615  7.67e+52  7.39e+52  2.266e+52  2.266e+52
616  7.643e+52  7.365e+52  2.258e+52  2.258e+52
617  7.618e+52  7.343e+52  2.251e+52  2.251e+52
618  7.608e+52  7.335e+52  2.244e+52  2.244e+52
619  7.629e+52  7.358e+52  2.242e+52  2.242e+52
620  7.638e+52  7.37e+52  2.237e+52  2.237e+52
621  7.612e+52  7.346e+52  2.225e+52  2.225e+52
622  7.571e+52  7.305e+52  2.212e+52  2.212e+52
623  7.527e+52  7.264e+52  2.198e+52  2.198e+52
624  7.494e+52  7.233e+52  2.185e+52  2.185e+52
625  7.488e+52  7.228e+52  2.176e+52  2.176e+52
626  7.494e+52  7.238e+52  2.169e+52  2.169e+52
627  7.503e+52  7.249e+52  2.162e+52  2.162e+52
628  7.516e+52  7.263e+52  2.157e+52  2.157e+52
629  7.531e+52  7.278e+52  2.154e+52  2.154e+52
630  7.546e+52  7.294e+52  2.151e+52  2.151e+52
631  7.563e+52  7.311e+52  2.149e+52  2.149e+52
632  7.574e+52  7.323e+52  2.147e+52  2.147e+52
633  7.585e+52  7.333e+52  2.146e+52  2.146e+52
634  7.605e+52  7.353e+52  2.147e+52  2.147e+52
635  7.631e+52  7.378e+52  2.149e+52  2.149e+52
636  7.661e+52  7.408e+52  2.153e+52  2.153e+52
637  7.687e+52  7.432e+52  2.156e+52  2.156e+52
638  7.716e+52  7.46e+52  2.159e+52  2.159e+52
639  7.74e+52  7.483e+52  2.161e+52  2.161e+52
640  7.753e+52  7.494e+52  2.164e+52  2.164e+52
641  7.777e+52  7.516e+52  2.168e+52  2.168e+52
642  7.817e+52  7.553e+52  2.172e+52  2.172e+52
643  7.863e+52  7.597e+52  2.177e+52  2.177e+52
644  7.91e+52  7.642e+52  2.182e+52  2.182e+52
645  7.952e+52  7.682e+52  2.19e+52  2.19e+52
646  7.979e+52  7.706e+52  2.198e+52  2.198e+52
647  7.982e+52  7.707e+52  2.203e+52  2.203e+52
648  7.985e+52  7.708e+52  2.208e+52  2.208e+52
649  8.007e+52  7.728e+52  2.214e+52  2.214e+52
650  8.009e+52  7.731e+52  2.213e+52  2.213e+52
651  8.021e+52  7.743e+52  2.216e+52  2.216e+52
652  8.035e+52  7.756e+52  2.22e+52  2.22e+52
653  8.049e+52  7.767e+52  2.224e+52  2.224e+52
654  8.056e+52  7.774e+52  2.226e+52  2.226e+52
655  8.086e+52  7.803e+52  2.234e+52  2.234e+52
656  8.116e+52  7.833e+52  2.242e+52  2.242e+52
657  8.135e+52  7.85e+52  2.247e+52  2.247e+52
658  8.139e+52  7.853e+52  2.25e+52  2.25e+52
659  8.133e+52  7.845e+52  2.251e+52  2.251e+52
660  8.115e+52  7.826e+52  2.248e+52  2.248e+52
661  8.109e+52  7.819e+52  2.247e+52  2.247e+52
662  8.113e+52  7.823e+52  2.249e+52  2.249e+52
663  8.121e+52  7.831e+52  2.254e+52  2.254e+52
664  8.128e+52  7.838e+52  2.258e+52  2.258e+52
665  8.122e+52  7.833e+52  2.259e+52  2.259e+52
666  8.103e+52  7.814e+52  2.259e+52  2.259e+52
667  8.088e+52  7.797e+52  2.259e+52  2.259e+52
668  8.083e+52  7.792e+52  2.258e+52  2.258e+52
669  8.089e+52  7.8e+52  2.26e+52  2.26e+52
670  8.097e+52  7.809e+52  2.262e+52  2.262e+52
671  8.111e+52  7.822e+52  2.268e+52  2.268e+52
672  8.097e+52  7.806e+52  2.266e+52  2.266e+52
673  8.062e+52  7.773e+52  2.258e+52  2.258e+52
674  8.038e+52  7.751e+52  2.254e+52  2.254e+52
675  8.031e+52  7.744e+52  2.255e+52  2.255e+52
676  8.028e+52  7.74e+52  2.255e+52  2.255e+52
677  8.007e+52  7.721e+52  2.251e+52  2.251e+52
678  7.961e+52  7.677e+52  2.243e+52  2.243e+52
679  7.931e+52  7.65e+52  2.237e+52  2.237e+52
680  7.92e+52  7.642e+52  2.235e+52  2.235e+52
681  7.928e+52  7.653e+52  2.24e+52  2.24e+52
682  7.922e+52  7.65e+52  2.241e+52  2.241e+52
683  7.906e+52  7.636e+52  2.24e+52  2.24e+52
684  7.881e+52  7.615e+52  2.236e+52  2.236e+52
685  7.832e+52  7.569e+52  2.226e+52  2.226e+52
686  7.789e+52  7.53e+52  2.217e+52  2.217e+52
687  7.751e+52  7.495e+52  2.206e+52  2.206e+52
688  7.707e+52  7.457e+52  2.193e+52  2.193e+52
689  7.673e+52  7.429e+52  2.181e+52  2.181e+52
690  7.635e+52  7.395e+52  2.17e+52  2.17e+52
691  7.588e+52  7.352e+52  2.157e+52  2.157e+52
692  7.551e+52  7.318e+52  2.146e+52  2.146e+52
693  7.529e+52  7.301e+52  2.139e+52  2.139e+52
694  7.522e+52  7.299e+52  2.135e+52  2.135e+52
695  7.508e+52  7.288e+52  2.129e+52  2.129e+52
696  7.466e+52  7.25e+52  2.116e+52  2.116e+52
697  7.397e+52  7.184e+52  2.098e+52  2.098e+52
698  7.332e+52  7.121e+52  2.082e+52  2.082e+52
699  7.3e+52  7.093e+52  2.07e+52  2.07e+52
700  7.267e+52  7.065e+52  2.057e+52  2.057e+52
701  7.216e+52  7.019e+52  2.039e+52  2.039e+52
702  7.145e+52  6.951e+52  2.016e+52  2.016e+52
703  7.072e+52  6.882e+52  1.992e+52  1.992e+52
704  6.993e+52  6.808e+52  1.965e+52  1.965e+52
705  6.938e+52  6.758e+52  1.945e+52  1.945e+52
706  6.886e+52  6.71e+52  1.928e+52  1.928e+52
707  6.816e+52  6.643e+52  1.909e+52  1.909e+52
708  6.746e+52  6.577e+52  1.891e+52  1.891e+52
709  6.679e+52  6.515e+52  1.874e+52  1.874e+52
710  6.614e+52  6.456e+52  1.857e+52  1.857e+52
711  6.548e+52  6.397e+52  1.838e+52  1.838e+52
712  6.473e+52  6.329e+52  1.818e+52  1.818e+52
713  6.372e+52  6.234e+52  1.794e+52  1.794e+52
714  6.259e+52  6.127e+52  1.769e+52  1.769e+52
715  6.138e+52  6.011e+52  1.742e+52  1.742e+52
716  6.02e+52  5.901e+52  1.714e+52  1.714e+52
717  5.943e+52  5.833e+52  1.692e+52  1.692e+52
718  5.885e+52  5.783e+52  1.672e+52  1.672e+52
719  5.811e+52  5.718e+52  1.649e+52  1.649e+52
720  5.727e+52  5.641e+52  1.626e+52  1.626e+52
721  5.648e+52  5.567e+52  1.604e+52  1.604e+52
722  5.576e+52  5.501e+52  1.584e+52  1.584e+52
723  5.521e+52  5.453e+52  1.566e+52  1.566e+52
724  5.483e+52  5.421e+52  1.552e+52  1.552e+52
725  5.457e+52  5.399e+52  1.541e+52  1.541e+52
726  5.413e+52  5.359e+52  1.524e+52  1.524e+52
727  5.38e+52  5.33e+52  1.51e+52  1.51e+52
728  5.357e+52  5.31e+52  1.498e+52  1.498e+52
729  5.329e+52  5.287e+52  1.485e+52  1.485e+52
730  5.309e+52  5.268e+52  1.474e+52  1.474e+52
731  5.292e+52  5.254e+52  1.464e+52  1.464e+52
732  5.27e+52  5.232e+52  1.454e+52  1.454e+52
733  5.246e+52  5.208e+52  1.444e+52  1.444e+52
734  5.236e+52  5.199e+52  1.436e+52  1.436e+52
735  5.236e+52  5.2e+52  1.429e+52  1.429e+52
736  5.247e+52  5.213e+52  1.423e+52  1.423e+52
737  5.256e+52  5.223e+52  1.419e+52  1.419e+52
738  5.242e+52  5.208e+52  1.41e+52  1.41e+52
739  5.233e+52  5.2e+52  1.402e+52  1.402e+52
740  5.252e+52  5.22e+52  1.4e+52  1.4e+52
741  5.274e+52  5.243e+52  1.398e+52  1.398e+52
742  5.287e+52  5.255e+52  1.395e+52  1.395e+52
743  5.295e+52  5.262e+52  1.391e+52  1.391e+52
744  5.295e+52  5.261e+52  1.387e+52  1.387e+52
745  5.292e+52  5.258e+52  1.382e+52  1.382e+52
746  5.28e+52  5.246e+52  1.377e+52  1.377e+52
747  5.26e+52  5.226e+52  1.372e+52  1.372e+52
748  5.251e+52  5.218e+52  1.369e+52  1.369e+52
749  5.237e+52  5.205e+52  1.363e+52  1.363e+52
750  5.227e+52  5.196e+52  1.358e+52  1.358e+52
751  5.217e+52  5.187e+52  1.353e+52  1.353e+52
752  5.203e+52  5.173e+52  1.347e+52  1.347e+52
753  5.195e+52  5.166e+52  1.343e+52  1.343e+52
754  5.195e+52  5.168e+52  1.339e+52  1.339e+52
755  5.199e+52  5.173e+52  1.336e+52  1.336e+52
756  5.196e+52  5.171e+52  1.332e+52  1.332e+52
757  5.185e+52  5.16e+52  1.326e+52  1.326e+52
758  5.18e+52  5.155e+52  1.322e+52  1.322e+52
759  5.184e+52  5.161e+52  1.32e+52  1.32e+52
760  5.18e+52  5.157e+52  1.316e+52  1.316e+52
761  5.161e+52  5.137e+52  1.311e+52  1.311e+52
762  5.147e+52  5.123e+52  1.305e+52  1.305e+52
763  5.135e+52  5.113e+52  1.299e+52  1.299e+52
764  5.131e+52  5.109e+52  1.293e+52  1.293e+52
765  5.136e+52  5.114e+52  1.29e+52  1.29e+52
766  5.136e+52  5.114e+52  1.286e+52  1.286e+52
767  5.144e+52  5.122e+52  1.283e+52  1.283e+52
768  5.168e+52  5.148e+52  1.283e+52  1.283e+52
769  5.184e+52  5.165e+52  1.281e+52  1.281e+52
770  5.21e+52  5.191e+52  1.281e+52  1.281e+52
771  5.236e+52  5.216e+52  1.282e+52  1.282e+52
772  5.261e+52  5.241e+52  1.283e+52  1.283e+52
773  5.283e+52  5.262e+52  1.283e+52  1.283e+52
774  5.288e+52  5.265e+52  1.281e+52  1.281e+52
775  5.301e+52  5.277e+52  1.28e+52  1.28e+52
776  5.321e+52  5.297e+52  1.28e+52  1.28e+52
777  5.347e+52  5.323e+52  1.281e+52  1.281e+52
778  5.38e+52  5.355e+52  1.284e+52  1.284e+52
779  5.41e+52  5.384e+52  1.288e+52  1.288e+52
780  5.445e+52  5.417e+52  1.292e+52  1.292e+52
781  5.483e+52  5.454e+52  1.297e+52  1.297e+52
782  5.526e+52  5.497e+52  1.304e+52  1.304e+52
783  5.557e+52  5.526e+52  1.31e+52  1.31e+52
784  5.586e+52  5.552e+52  1.317e+52  1.317e+52
785  5.622e+52  5.588e+52  1.323e+52  1.323e+52
786  5.662e+52  5.628e+52  1.33e+52  1.33e+52
787  5.677e+52  5.643e+52  1.332e+52  1.332e+52
788  5.677e+52  5.64e+52  1.331e+52  1.331e+52
789  5.667e+52  5.628e+52  1.33e+52  1.33e+52
790  5.662e+52  5.621e+52  1.33e+52  1.33e+52
791  5.663e+52  5.622e+52  1.33e+52  1.33e+52
792  5.673e+52  5.632e+52  1.331e+52  1.331e+52
793  5.675e+52  5.633e+52  1.331e+52  1.331e+52
794  5.686e+52  5.643e+52  1.332e+52  1.332e+52
795  5.724e+52  5.681e+52  1.338e+52  1.338e+52
796  5.754e+52  5.712e+52  1.342e+52  1.342e+52
797  5.779e+52  5.735e+52  1.345e+52  1.345e+52
798  5.803e+52  5.758e+52  1.348e+52  1.348e+52
799  5.809e+52  5.763e+52  1.349e+52  1.349e+52
800  5.792e+52  5.743e+52  1.347e+52  1.347e+52
801  5.767e+52  5.716e+52  1.344e+52  1.344e+52
802  5.75e+52  5.7e+52  1.342e+52  1.342e+52
803  5.745e+52  5.696e+52  1.34e+52  1.34e+52
804  5.752e+52  5.705e+52  1.34e+52  1.34e+52
805  5.768e+52  5.723e+52  1.341e+52  1.341e+52
806  5.774e+52  5.728e+52  1.341e+52  1.341e+52
807  5.763e+52  5.716e+52  1.339e+52  1.339e+52
808  5.769e+52  5.72e+52  1.341e+52  1.341e+52
809  5.781e+52  5.732e+52  1.343e+52  1.343e+52
810  5.792e+52  5.744e+52  1.344e+52  1.344e+52
811  5.804e+52  5.755e+52  1.345e+52  1.345e+52
812  5.814e+52  5.764e+52  1.347e+52  1.347e+52
813  5.821e+52  5.77e+52  1.347e+52  1.347e+52
814  5.834e+52  5.783e+52  1.35e+52  1.35e+52
815  5.841e+52  5.788e+52  1.351e+52  1.351e+52
816  5.825e+52  5.771e+52  1.35e+52  1.35e+52
817  5.803e+52  5.748e+52  1.346e+52  1.346e+52
818  5.791e+52  5.736e+52  1.345e+52  1.345e+52
819  5.784e+52  5.729e+52  1.345e+52  1.345e+52
820  5.793e+52  5.738e+52  1.346e+52  1.346e+52
821  5.819e+52  5.766e+52  1.349e+52  1.349e+52
822  5.827e+52  5.775e+52  1.348e+52  1.348e+52
823  5.83e+52  5.776e+52  1.347e+52  1.347e+52
824  5.831e+52  5.776e+52  1.347e+52  1.347e+52
825  5.831e+52  5.775e+52  1.345e+52  1.345e+52
826  5.833e+52  5.776e+52  1.345e+52  1.345e+52
827  5.834e+52  5.776e+52  1.345e+52  1.345e+52
828  5.829e+52  5.769e+52  1.344e+52  1.344e+52
829  5.827e+52  5.768e+52  1.343e+52  1.343e+52
830  5.845e+52  5.786e+52  1.346e+52  1.346e+52
831  5.857e+52  5.798e+52  1.348e+52  1.348e+52
832  5.867e+52  5.808e+52  1.35e+52  1.35e+52
833  5.859e+52  5.799e+52  1.348e+52  1.348e+52
834  5.851e+52  5.791e+52  1.347e+52  1.347e+52
835  5.852e+52  5.793e+52  1.347e+52  1.347e+52
836  5.855e+52  5.796e+52  1.348e+52  1.348e+52
837  5.865e+52  5.808e+52  1.35e+52  1.35e+52
838  5.899e+52  5.843e+52  1.355e+52  1.355e+52
839  5.933e+52  5.876e+52  1.362e+52  1.362e+52
840  5.967e+52  5.91e+52  1.371e+52  1.371e+52
841  5.985e+52  5.926e+52  1.38e+52  1.38e+52
842  5.978e+52  5.918e+52  1.385e+52  1.385e+52
843  5.973e+52  5.912e+52  1.39e+52  1.39e+52
844  5.988e+52  5.93e+52  1.399e+52  1.399e+52
845  5.998e+52  5.941e+52  1.406e+52  1.406e+52
846  6.002e+52  5.944e+52  1.411e+52  1.411e+52
847  5.996e+52  5.938e+52  1.414e+52  1.414e+52
848  5.996e+52  5.939e+52  1.417e+52  1.417e+52
849  6.008e+52  5.953e+52  1.423e+52  1.423e+52
850  6.018e+52  5.964e+52  1.428e+52  1.428e+52
851  6.01e+52  5.956e+52  1.431e+52  1.431e+52
852  6.002e+52  5.949e+52  1.436e+52  1.436e+52
853  5.983e+52  5.932e+52  1.438e+52  1.438e+52
854  5.983e+52  5.936e+52  1.445e+52  1.445e+52
855  5.989e+52  5.945e+52  1.453e+52  1.453e+52
856  5.992e+52  5.952e+52  1.46e+52  1.46e+52
857  6.002e+52  5.964e+52  1.467e+52  1.467e+52
858  6.014e+52  5.978e+52  1.474e+52  1.474e+52
859  6.007e+52  5.971e+52  1.477e+52  1.477e+52
860  5.997e+52  5.962e+52  1.48e+52  1.48e+52
861  5.98e+52  5.947e+52  1.48e+52  1.48e+52
862  5.975e+52  5.945e+52  1.48e+52  1.48e+52
863  5.978e+52  5.95e+52  1.48e+52  1.48e+52
864  5.989e+52  5.963e+52  1.483e+52  1.483e+52
865  5.976e+52  5.95e+52  1.48e+52  1.48e+52
866  5.979e+52  5.955e+52  1.482e+52  1.482e+52
867  5.998e+52  5.977e+52  1.487e+52  1.487e+52
868  6.021e+52  6.002e+52  1.494e+52  1.494e+52
869  6.03e+52  6.009e+52  1.497e+52  1.497e+52
870  6.031e+52  6.009e+52  1.497e+52  1.497e+52
871  6.041e+52  6.019e+52  1.498e+52  1.498e+52
872  6.057e+52  6.035e+52  1.5e+52  1.5e+52
873  6.068e+52  6.046e+52  1.501e+52  1.501e+52
874  6.082e+52  6.058e+52  1.501e+52  1.501e+52
875  6.099e+52  6.073e+52  1.501e+52  1.501e+52
876  6.111e+52  6.081e+52  1.501e+52  1.501e+52
877  6.11e+52  6.077e+52  1.498e+52  1.498e+52
878  6.105e+52  6.07e+52  1.496e+52  1.496e+52
879  6.09e+52  6.055e+52  1.493e+52  1.493e+52
880  6.069e+52  6.035e+52  1.489e+52  1.489e+52
881  6.046e+52  6.012e+52  1.484e+52  1.484e+52
882  6.031e+52  5.998e+52  1.48e+52  1.48e+52
883  6.015e+52  5.983e+52  1.476e+52  1.476e+52
884  6.011e+52  5.98e+52  1.475e+52  1.475e+52
885  6.005e+52  5.975e+52  1.473e+52  1.473e+52
886  6.002e+52  5.973e+52  1.473e+52  1.473e+52
887  5.993e+52  5.965e+52  1.472e+52  1.472e+52
888  5.976e+52  5.95e+52  1.469e+52  1.469e+52
889  5.969e+52  5.945e+52  1.471e+52  1.471e+52
890  5.976e+52  5.956e+52  1.478e+52  1.478e+52
891  5.971e+52  5.954e+52  1.481e+52  1.481e+52
892  5.942e+52  5.927e+52  1.479e+52  1.479e+52
893  5.915e+52  5.902e+52  1.477e+52  1.477e+52
894  5.93e+52  5.923e+52  1.484e+52  1.484e+52
895  5.981e+52  5.981e+52  1.502e+52  1.502e+52
896  6.02e+52  6.024e+52  1.52e+52  1.52e+52
897  6.034e+52  6.038e+52  1.531e+52  1.531e+52
898  6.043e+52  6.047e+52  1.539e+52  1.539e+52
899  6.059e+52  6.062e+52  1.547e+52  1.547e+52
900  6.092e+52  6.096e+52  1.559e+52  1.559e+52
901  6.135e+52  6.138e+52  1.574e+52  1.574e+52
902  6.169e+52  6.17e+52  1.588e+52  1.588e+52
903  6.175e+52  6.174e+52  1.595e+52  1.595e+52
904  6.174e+52  6.169e+52  1.599e+52  1.599e+52
905  6.186e+52  6.182e+52  1.605e+52  1.605e+52
906  6.209e+52  6.206e+52  1.614e+52  1.614e+52
907  6.233e+52  6.229e+52  1.623e+52  1.623e+52
908  6.245e+52  6.236e+52  1.628e+52  1.628e+52
909  6.258e+52  6.244e+52  1.632e+52  1.632e+52
910  6.271e+52  6.254e+52  1.636e+52  1.636e+52
911  6.284e+52  6.266e+52  1.64e+52  1.64e+52
912  6.3e+52  6.281e+52  1.646e+52  1.646e+52
913  6.297e+52  6.277e+52  1.647e+52  1.647e+52
914  6.281e+52  6.261e+52  1.646e+52  1.646e+52
915  6.25e+52  6.227e+52  1.639e+52  1.639e+52
916  6.223e+52  6.198e+52  1.632e+52  1.632e+52
917  6.22e+52  6.196e+52  1.632e+52  1.632e+52
918  6.238e+52  6.217e+52  1.638e+52  1.638e+52
919  6.26e+52  6.241e+52  1.646e+52  1.646e+52
920  6.265e+52  6.247e+52  1.65e+52  1.65e+52
921  6.261e+52  6.241e+52  1.651e+52  1.651e+52
922  6.232e+52  6.212e+52  1.644e+52  1.644e+52
923  6.21e+52  6.193e+52  1.639e+52  1.639e+52
924  6.204e+52  6.19e+52  1.637e+52  1.637e+52
925  6.203e+52  6.193e+52  1.638e+52  1.638e+52
926  6.199e+52  6.191e+52  1.639e+52  1.639e+52
927  6.211e+52  6.205e+52  1.645e+52  1.645e+52
928  6.235e+52  6.234e+52  1.657e+52  1.657e+52
929  6.281e+52  6.287e+52  1.681e+52  1.681e+52
930  6.324e+52  6.336e+52  1.709e+52  1.709e+52
931  6.335e+52  6.347e+52  1.725e+52  1.725e+52
932  6.303e+52  6.315e+52  1.724e+52  1.724e+52
933  6.265e+52  6.276e+52  1.717e+52  1.717e+52
934  6.294e+52  6.305e+52  1.728e+52  1.728e+52
935  6.368e+52  6.383e+52  1.755e+52  1.755e+52
936  6.445e+52  6.464e+52  1.788e+52  1.788e+52
937  6.479e+52  6.496e+52  1.811e+52  1.811e+52
938  6.477e+52  6.489e+52  1.82e+52  1.82e+52
939  6.456e+52  6.464e+52  1.821e+52  1.821e+52
940  6.428e+52  6.435e+52  1.819e+52  1.819e+52
941  6.406e+52  6.412e+52  1.817e+52  1.817e+52
942  6.385e+52  6.392e+52  1.816e+52  1.816e+52
943  6.415e+52  6.426e+52  1.831e+52  1.831e+52
944  6.469e+52  6.483e+52  1.858e+52  1.858e+52
945  6.53e+52  6.543e+52  1.889e+52  1.889e+52
946  6.58e+52  6.59e+52  1.914e+52  1.914e+52
947  6.604e+52  6.609e+52  1.929e+52  1.929e+52
948  6.609e+52  6.607e+52  1.936e+52  1.936e+52
949  6.612e+52  6.605e+52  1.941e+52  1.941e+52
950  6.591e+52  6.58e+52  1.938e+52  1.938e+52
951  6.551e+52  6.536e+52  1.927e+52  1.927e+52
952  6.516e+52  6.499e+52  1.918e+52  1.918e+52
953  6.514e+52  6.496e+52  1.918e+52  1.918e+52
954  6.558e+52  6.541e+52  1.934e+52  1.934e+52
955  6.589e+52  6.574e+52  1.952e+52  1.952e+52
956  6.572e+52  6.555e+52  1.955e+52  1.955e+52
957  6.511e+52  6.49e+52  1.937e+52  1.937e+52
958  6.423e+52  6.401e+52  1.909e+52  1.909e+52
959  6.329e+52  6.309e+52  1.879e+52  1.879e+52
960  6.272e+52  6.257e+52  1.86e+52  1.86e+52
961  6.272e+52  6.263e+52  1.862e+52  1.862e+52
962  6.304e+52  6.305e+52  1.883e+52  1.883e+52
963  6.362e+52  6.371e+52  1.922e+52  1.922e+52
964  6.395e+52  6.405e+52  1.953e+52  1.953e+52
965  6.395e+52  6.402e+52  1.969e+52  1.969e+52
966  6.376e+52  6.378e+52  1.971e+52  1.971e+52
967  6.341e+52  6.341e+52  1.965e+52  1.965e+52
968  6.332e+52  6.331e+52  1.965e+52  1.965e+52
969  6.343e+52  6.344e+52  1.976e+52  1.976e+52
970  6.344e+52  6.343e+52  1.987e+52  1.987e+52
971  6.334e+52  6.33e+52  1.992e+52  1.992e+52
972  6.331e+52  6.324e+52  1.995e+52  1.995e+52
973  6.343e+52  6.336e+52  2.004e+52  2.004e+52
974  6.359e+52  6.354e+52  2.017e+52  2.017e+52
975  6.353e+52  6.349e+52  2.022e+52  2.022e+52
976  6.321e+52  6.316e+52  2.013e+52  2.013e+52
977  6.29e+52  6.283e+52  1.999e+52  1.999e+52
978  6.309e+52  6.303e+52  2.003e+52  2.003e+52
979  6.39e+52  6.389e+52  2.033e+52  2.033e+52
980  6.476e+52  6.48e+52  2.077e+52  2.077e+52
981  6.552e+52  6.559e+52  2.127e+52  2.127e+52
982  6.566e+52  6.569e+52  2.154e+52  2.154e+52
983  6.519e+52  6.515e+52  2.146e+52  2.146e+52
984  6.444e+52  6.434e+52  2.115e+52  2.115e+52
985  6.399e+52  6.388e+52  2.093e+52  2.093e+52
986  6.401e+52  6.397e+52  2.106e+52  2.106e+52
987  6.418e+52  6.423e+52  2.136e+52  2.136e+52
988  6.431e+52  6.442e+52  2.165e+52  2.165e+52
989  6.409e+52  6.425e+52  2.179e+52  2.179e+52
990  6.369e+52  6.387e+52  2.184e+52  2.184e+52
991  6.324e+52  6.344e+52  2.184e+52  2.184e+52
992  6.293e+52  6.316e+52  2.187e+52  2.187e+52
993  6.272e+52  6.3e+52  2.195e+52  2.195e+52
994  6.256e+52  6.288e+52  2.208e+52  2.208e+52
995  6.239e+52  6.273e+52  2.22e+52  2.22e+52
996  6.222e+52  6.256e+52  2.232e+52  2.232e+52
997  6.218e+52  6.251e+52  2.25e+52  2.25e+52
998  6.22e+52  6.254e+52  2.272e+52  2.272e+52
999  6.203e+52  6.237e+52  2.289e+52  2.289e+52
