-90  0.0000E+00  0.0000E+00  0.0000E+00  0.0000E+00
-87.5  0.5678E+01  0.0000E+00  0.0000E+00  0.0000E+00
-73.59  0.5862E+01  0.6099E+01  0.5934E+01  0.5997E+01
-55.57  0.6214E+01  0.5993E+01  0.5857E+01  0.5908E+01
-38.31  0.6960E+01  0.5909E+01  0.5762E+01  0.5797E+01
-25.34  0.8079E+01  0.5965E+01  0.5702E+01  0.5729E+01
-17.51  0.9072E+01  0.6104E+01  0.5668E+01  0.5690E+01
-12.37  0.9727E+01  0.6275E+01  0.5644E+01  0.5666E+01
-8.834  0.1005E+02  0.6450E+01  0.5639E+01  0.5656E+01
-6.467  0.1016E+02  0.6596E+01  0.5640E+01  0.5657E+01
-4.896  0.1019E+02  0.6714E+01  0.5641E+01  0.5659E+01
-3.774  0.1022E+02  0.6796E+01  0.5642E+01  0.5658E+01
-2.905  0.1028E+02  0.6877E+01  0.5647E+01  0.5663E+01
-2.241  0.1037E+02  0.6936E+01  0.5651E+01  0.5668E+01
-1.743  0.1045E+02  0.6988E+01  0.5657E+01  0.5672E+01
-1.356  0.1052E+02  0.7025E+01  0.5661E+01  0.5676E+01
-1.074  0.1057E+02  0.7053E+01  0.5665E+01  0.5680E+01
-0.8478  0.1062E+02  0.7079E+01  0.5669E+01  0.5685E+01
-0.6865  0.1065E+02  0.7094E+01  0.5673E+01  0.5688E+01
-0.5583  0.1067E+02  0.7114E+01  0.5677E+01  0.5691E+01
-0.4679  0.1069E+02  0.7117E+01  0.5678E+01  0.5693E+01
-0.3931  0.1071E+02  0.7128E+01  0.5679E+01  0.5694E+01
-0.3322  0.1072E+02  0.7137E+01  0.5679E+01  0.5694E+01
-0.2976  0.1073E+02  0.7138E+01  0.5680E+01  0.5694E+01
-0.2543  0.1074E+02  0.7146E+01  0.5680E+01  0.5694E+01
-0.22  0.1074E+02  0.7146E+01  0.5679E+01  0.5693E+01
-0.1778  0.1075E+02  0.7148E+01  0.5676E+01  0.5691E+01
-0.1345  0.1076E+02  0.7149E+01  0.5675E+01  0.5690E+01
-0.09257  0.1077E+02  0.7148E+01  0.5677E+01  0.5691E+01
-0.0481  0.1078E+02  0.7148E+01  0.5684E+01  0.5699E+01
-0.02285  0.1078E+02  0.7153E+01  0.5690E+01  0.5707E+01
0.006629  0.1079E+02  0.7148E+01  0.5699E+01  0.5717E+01
0.03383  0.1079E+02  0.7149E+01  0.5708E+01  0.5727E+01
0.06284  0.1080E+02  0.7150E+01  0.5722E+01  0.5742E+01
0.09679  0.1081E+02  0.7149E+01  0.5740E+01  0.5762E+01
0.1492  0.1081E+02  0.7145E+01  0.5778E+01  0.5804E+01
0.2213  0.1083E+02  0.7143E+01  0.5845E+01  0.5879E+01
0.3096  0.1085E+02  0.7135E+01  0.5945E+01  0.5992E+01
0.4069  0.1087E+02  0.7126E+01  0.6069E+01  0.6127E+01
0.529  0.1090E+02  0.7126E+01  0.6223E+01  0.6299E+01
0.7177  0.1094E+02  0.7131E+01  0.6406E+01  0.6497E+01
1.066  0.1102E+02  0.6208E+01  0.5805E+01  0.5811E+01
1.444  0.1109E+02  0.6423E+01  0.6533E+01  0.6538E+01
1.954  0.1110E+02  0.7247E+01  0.7901E+01  0.7907E+01
2.498  0.1119E+02  0.8006E+01  0.9768E+01  0.9806E+01
2.875  0.1172E+02  0.8435E+01  0.1112E+02  0.1119E+02
3.231  0.1239E+02  0.8828E+01  0.1231E+02  0.1243E+02
3.607  0.1302E+02  0.9226E+01  0.1346E+02  0.1362E+02
4.064  0.1361E+02  0.9646E+01  0.1465E+02  0.1488E+02
4.567  0.1407E+02  0.1000E+02  0.1579E+02  0.1609E+02
5.076  0.1432E+02  0.1028E+02  0.1675E+02  0.1714E+02
5.597  0.1440E+02  0.1053E+02  0.1756E+02  0.1803E+02
6.136  0.1435E+02  0.1078E+02  0.1827E+02  0.1885E+02
6.652  0.1424E+02  0.1092E+02  0.1879E+02  0.1945E+02
7.168  0.1409E+02  0.1102E+02  0.1893E+02  0.1967E+02
7.681  0.1391E+02  0.1111E+02  0.1909E+02  0.1991E+02
8.209  0.1373E+02  0.1121E+02  0.1931E+02  0.2021E+02
8.734  0.1354E+02  0.1134E+02  0.1954E+02  0.2052E+02
9.259  0.1336E+02  0.1146E+02  0.1997E+02  0.2104E+02
9.807  0.1320E+02  0.1156E+02  0.2042E+02  0.2166E+02
10.37  0.1304E+02  0.1165E+02  0.2069E+02  0.2208E+02
10.95  0.1284E+02  0.1171E+02  0.2083E+02  0.2238E+02
11.54  0.1263E+02  0.1175E+02  0.2082E+02  0.2250E+02
12.12  0.1242E+02  0.1179E+02  0.2100E+02  0.2285E+02
12.74  0.1222E+02  0.1179E+02  0.2140E+02  0.2348E+02
13.35  0.1202E+02  0.1178E+02  0.2158E+02  0.2394E+02
13.96  0.1184E+02  0.1184E+02  0.2157E+02  0.2415E+02
14.57  0.1168E+02  0.1194E+02  0.2160E+02  0.2442E+02
15.22  0.1154E+02  0.1208E+02  0.2166E+02  0.2472E+02
15.85  0.1141E+02  0.1225E+02  0.2170E+02  0.2500E+02
16.48  0.1129E+02  0.1236E+02  0.2180E+02  0.2541E+02
17.14  0.1118E+02  0.1241E+02  0.2193E+02  0.2591E+02
17.75  0.1107E+02  0.1243E+02  0.2203E+02  0.2642E+02
18.39  0.1097E+02  0.1243E+02  0.2205E+02  0.2686E+02
19.01  0.1086E+02  0.1243E+02  0.2202E+02  0.2725E+02
19.79  0.1073E+02  0.1241E+02  0.2209E+02  0.2795E+02
20.58  0.1062E+02  0.1240E+02  0.2212E+02  0.2867E+02
21.34  0.1052E+02  0.1242E+02  0.2200E+02  0.2915E+02
22.11  0.1045E+02  0.1252E+02  0.2204E+02  0.2974E+02
22.87  0.1040E+02  0.1261E+02  0.2203E+02  0.3036E+02
23.63  0.1036E+02  0.1269E+02  0.2188E+02  0.3070E+02
24.32  0.1032E+02  0.1270E+02  0.2171E+02  0.3087E+02
25.04  0.1029E+02  0.1271E+02  0.2156E+02  0.3091E+02
25.83  0.1025E+02  0.1271E+02  0.2128E+02  0.3071E+02
26.6  0.1022E+02  0.1275E+02  0.2103E+02  0.3021E+02
27.37  0.1019E+02  0.1276E+02  0.2085E+02  0.2981E+02
28.17  0.1016E+02  0.1275E+02  0.2058E+02  0.2920E+02
29.03  0.1013E+02  0.1274E+02  0.2034E+02  0.2855E+02
29.8  0.1010E+02  0.1278E+02  0.2011E+02  0.2778E+02
30.48  0.1010E+02  0.1288E+02  0.1992E+02  0.2690E+02
31.15  0.1009E+02  0.1296E+02  0.1980E+02  0.2622E+02
31.82  0.1006E+02  0.1296E+02  0.1963E+02  0.2567E+02
32.51  0.1004E+02  0.1296E+02  0.1941E+02  0.2488E+02
33.17  0.1003E+02  0.1298E+02  0.1927E+02  0.2410E+02
33.88  0.1003E+02  0.1303E+02  0.1929E+02  0.2350E+02
34.54  0.1005E+02  0.1309E+02  0.1938E+02  0.2313E+02
35.2  0.1007E+02  0.1315E+02  0.1935E+02  0.2273E+02
35.85  0.1007E+02  0.1319E+02  0.1927E+02  0.2227E+02
36.49  0.1007E+02  0.1322E+02  0.1934E+02  0.2204E+02
37.14  0.1007E+02  0.1323E+02  0.1930E+02  0.2177E+02
37.78  0.1007E+02  0.1324E+02  0.1916E+02  0.2141E+02
38.41  0.1007E+02  0.1321E+02  0.1899E+02  0.2101E+02
39.05  0.1006E+02  0.1320E+02  0.1887E+02  0.2064E+02
39.7  0.1007E+02  0.1321E+02  0.1890E+02  0.2046E+02
40.37  0.1008E+02  0.1320E+02  0.1896E+02  0.2035E+02
41.05  0.1009E+02  0.1318E+02  0.1895E+02  0.2019E+02
41.71  0.1009E+02  0.1318E+02  0.1894E+02  0.2005E+02
42.38  0.1010E+02  0.1320E+02  0.1894E+02  0.1995E+02
43.01  0.1011E+02  0.1321E+02  0.1895E+02  0.1988E+02
43.65  0.1012E+02  0.1323E+02  0.1897E+02  0.1983E+02
44.33  0.1014E+02  0.1325E+02  0.1905E+02  0.1984E+02
45.03  0.1015E+02  0.1326E+02  0.1916E+02  0.1990E+02
45.74  0.1018E+02  0.1330E+02  0.1927E+02  0.1997E+02
46.45  0.1020E+02  0.1334E+02  0.1926E+02  0.1994E+02
47.16  0.1022E+02  0.1336E+02  0.1925E+02  0.1991E+02
47.87  0.1024E+02  0.1338E+02  0.1926E+02  0.1990E+02
48.59  0.1026E+02  0.1337E+02  0.1922E+02  0.1984E+02
49.3  0.1027E+02  0.1336E+02  0.1919E+02  0.1979E+02
50.02  0.1029E+02  0.1337E+02  0.1919E+02  0.1978E+02
50.74  0.1031E+02  0.1338E+02  0.1918E+02  0.1975E+02
51.45  0.1035E+02  0.1342E+02  0.1925E+02  0.1980E+02
52.16  0.1037E+02  0.1345E+02  0.1930E+02  0.1985E+02
52.87  0.1039E+02  0.1348E+02  0.1929E+02  0.1983E+02
53.59  0.1043E+02  0.1351E+02  0.1929E+02  0.1982E+02
54.31  0.1046E+02  0.1355E+02  0.1934E+02  0.1986E+02
55.05  0.1050E+02  0.1357E+02  0.1938E+02  0.1990E+02
55.81  0.1053E+02  0.1362E+02  0.1942E+02  0.1994E+02
56.59  0.1057E+02  0.1366E+02  0.1947E+02  0.1997E+02
57.36  0.1060E+02  0.1369E+02  0.1949E+02  0.1999E+02
58.15  0.1063E+02  0.1370E+02  0.1942E+02  0.1993E+02
58.94  0.1065E+02  0.1368E+02  0.1923E+02  0.1973E+02
59.73  0.1067E+02  0.1368E+02  0.1922E+02  0.1971E+02
60.54  0.1070E+02  0.1368E+02  0.1922E+02  0.1970E+02
61.34  0.1072E+02  0.1370E+02  0.1923E+02  0.1971E+02
62.15  0.1076E+02  0.1372E+02  0.1923E+02  0.1972E+02
62.95  0.1077E+02  0.1373E+02  0.1917E+02  0.1965E+02
63.77  0.1078E+02  0.1369E+02  0.1905E+02  0.1952E+02
64.59  0.1080E+02  0.1372E+02  0.1912E+02  0.1958E+02
65.39  0.1082E+02  0.1372E+02  0.1916E+02  0.1961E+02
66.21  0.1085E+02  0.1374E+02  0.1922E+02  0.1967E+02
67.01  0.1086E+02  0.1376E+02  0.1924E+02  0.1970E+02
67.83  0.1092E+02  0.1386E+02  0.1942E+02  0.1989E+02
68.67  0.1097E+02  0.1390E+02  0.1947E+02  0.1994E+02
69.49  0.1098E+02  0.1391E+02  0.1940E+02  0.1986E+02
70.31  0.1102E+02  0.1395E+02  0.1942E+02  0.1988E+02
71.13  0.1105E+02  0.1398E+02  0.1943E+02  0.1990E+02
71.98  0.1107E+02  0.1396E+02  0.1927E+02  0.1973E+02
72.84  0.1109E+02  0.1397E+02  0.1932E+02  0.1977E+02
73.68  0.1112E+02  0.1398E+02  0.1941E+02  0.1986E+02
74.59  0.1114E+02  0.1401E+02  0.1947E+02  0.1993E+02
75.48  0.1117E+02  0.1404E+02  0.1941E+02  0.1988E+02
76.32  0.1121E+02  0.1405E+02  0.1937E+02  0.1984E+02
77.16  0.1124E+02  0.1406E+02  0.1921E+02  0.1968E+02
77.95  0.1126E+02  0.1406E+02  0.1905E+02  0.1950E+02
78.75  0.1128E+02  0.1407E+02  0.1900E+02  0.1944E+02
79.56  0.1131E+02  0.1409E+02  0.1903E+02  0.1945E+02
80.35  0.1133E+02  0.1410E+02  0.1898E+02  0.1941E+02
81.13  0.1135E+02  0.1409E+02  0.1894E+02  0.1936E+02
81.96  0.1136E+02  0.1409E+02  0.1892E+02  0.1934E+02
82.78  0.1138E+02  0.1407E+02  0.1894E+02  0.1936E+02
83.65  0.1140E+02  0.1408E+02  0.1909E+02  0.1951E+02
84.53  0.1142E+02  0.1408E+02  0.1917E+02  0.1959E+02
85.44  0.1142E+02  0.1408E+02  0.1923E+02  0.1966E+02
86.31  0.1142E+02  0.1408E+02  0.1922E+02  0.1965E+02
87.17  0.1143E+02  0.1408E+02  0.1928E+02  0.1972E+02
88.03  0.1145E+02  0.1411E+02  0.1940E+02  0.1984E+02
88.9  0.1148E+02  0.1414E+02  0.1952E+02  0.1998E+02
89.76  0.1151E+02  0.1417E+02  0.1957E+02  0.2004E+02
90.65  0.1154E+02  0.1421E+02  0.1951E+02  0.1999E+02
91.5  0.1157E+02  0.1423E+02  0.1943E+02  0.1988E+02
92.36  0.1161E+02  0.1425E+02  0.1940E+02  0.1986E+02
93.23  0.1166E+02  0.1428E+02  0.1939E+02  0.1984E+02
94.08  0.1168E+02  0.1428E+02  0.1956E+02  0.2001E+02
94.89  0.1170E+02  0.1428E+02  0.1975E+02  0.2021E+02
95.75  0.1169E+02  0.1427E+02  0.1972E+02  0.2020E+02
96.65  0.1168E+02  0.1424E+02  0.1956E+02  0.2004E+02
97.55  0.1169E+02  0.1427E+02  0.1960E+02  0.2007E+02
98.39  0.1173E+02  0.1432E+02  0.1973E+02  0.2021E+02
99.27  0.1175E+02  0.1435E+02  0.1981E+02  0.2029E+02
100.1  0.1178E+02  0.1440E+02  0.1995E+02  0.2044E+02
101  0.1180E+02  0.1443E+02  0.1986E+02  0.2035E+02
101.9  0.1185E+02  0.1450E+02  0.1985E+02  0.2033E+02
102.8  0.1192E+02  0.1456E+02  0.1982E+02  0.2031E+02
103.7  0.1197E+02  0.1459E+02  0.1973E+02  0.2022E+02
104.6  0.1201E+02  0.1459E+02  0.1969E+02  0.2017E+02
105.5  0.1203E+02  0.1463E+02  0.1970E+02  0.2018E+02
106.4  0.1203E+02  0.1462E+02  0.1955E+02  0.2002E+02
107.3  0.1204E+02  0.1463E+02  0.1942E+02  0.1988E+02
108.2  0.1208E+02  0.1468E+02  0.1943E+02  0.1989E+02
109.1  0.1212E+02  0.1471E+02  0.1952E+02  0.1997E+02
110  0.1212E+02  0.1471E+02  0.1961E+02  0.2006E+02
111  0.1215E+02  0.1471E+02  0.1958E+02  0.2004E+02
111.8  0.1219E+02  0.1474E+02  0.1957E+02  0.2003E+02
112.7  0.1225E+02  0.1480E+02  0.1959E+02  0.2003E+02
113.6  0.1230E+02  0.1485E+02  0.1964E+02  0.2010E+02
114.5  0.1231E+02  0.1488E+02  0.1958E+02  0.2003E+02
115.4  0.1232E+02  0.1489E+02  0.1956E+02  0.2000E+02
116.3  0.1233E+02  0.1489E+02  0.1956E+02  0.2000E+02
117.2  0.1234E+02  0.1490E+02  0.1955E+02  0.1999E+02
118.1  0.1234E+02  0.1488E+02  0.1948E+02  0.1992E+02
118.9  0.1233E+02  0.1485E+02  0.1950E+02  0.1994E+02
120.9  0.1237E+02  0.1488E+02  0.1957E+02  0.2000E+02
123  0.1244E+02  0.1498E+02  0.1963E+02  0.2008E+02
125  0.1243E+02  0.1502E+02  0.1971E+02  0.2015E+02
126.9  0.1245E+02  0.1501E+02  0.1971E+02  0.2015E+02
129  0.1250E+02  0.1500E+02  0.1965E+02  0.2009E+02
131.1  0.1256E+02  0.1505E+02  0.1987E+02  0.2033E+02
133.2  0.1257E+02  0.1509E+02  0.1990E+02  0.2035E+02
135.1  0.1259E+02  0.1511E+02  0.1992E+02  0.2037E+02
137.1  0.1265E+02  0.1517E+02  0.1991E+02  0.2036E+02
139.2  0.1274E+02  0.1524E+02  0.2036E+02  0.2081E+02
141.1  0.1273E+02  0.1524E+02  0.2041E+02  0.2086E+02
143.1  0.1277E+02  0.1527E+02  0.2048E+02  0.2095E+02
144.9  0.1282E+02  0.1533E+02  0.2051E+02  0.2099E+02
146.6  0.1289E+02  0.1538E+02  0.2051E+02  0.2098E+02
148.6  0.1290E+02  0.1540E+02  0.2046E+02  0.2092E+02
150.5  0.1299E+02  0.1546E+02  0.2064E+02  0.2112E+02
152.5  0.1304E+02  0.1547E+02  0.2053E+02  0.2099E+02
154.4  0.1308E+02  0.1546E+02  0.2029E+02  0.2074E+02
156  0.1313E+02  0.1551E+02  0.2050E+02  0.2096E+02
157.8  0.1318E+02  0.1559E+02  0.2054E+02  0.2102E+02
159.4  0.1327E+02  0.1569E+02  0.2045E+02  0.2092E+02
161  0.1338E+02  0.1579E+02  0.2050E+02  0.2097E+02
162.7  0.1343E+02  0.1582E+02  0.2037E+02  0.2082E+02
164.3  0.1348E+02  0.1585E+02  0.2039E+02  0.2085E+02
165.7  0.1353E+02  0.1589E+02  0.2046E+02  0.2090E+02
167.3  0.1357E+02  0.1596E+02  0.2064E+02  0.2111E+02
169.1  0.1364E+02  0.1606E+02  0.2074E+02  0.2121E+02
170.7  0.1368E+02  0.1611E+02  0.2079E+02  0.2125E+02
172.4  0.1372E+02  0.1614E+02  0.2072E+02  0.2117E+02
173.9  0.1376E+02  0.1617E+02  0.2083E+02  0.2127E+02
175.3  0.1379E+02  0.1621E+02  0.2084E+02  0.2131E+02
176.6  0.1381E+02  0.1621E+02  0.2078E+02  0.2124E+02
178  0.1383E+02  0.1620E+02  0.2070E+02  0.2115E+02
179.7  0.1382E+02  0.1616E+02  0.2066E+02  0.2110E+02
181.2  0.1385E+02  0.1618E+02  0.2076E+02  0.2122E+02
182.6  0.1388E+02  0.1622E+02  0.2071E+02  0.2116E+02
184  0.1394E+02  0.1627E+02  0.2078E+02  0.2122E+02
185.6  0.1395E+02  0.1625E+02  0.2080E+02  0.2124E+02
187.2  0.1397E+02  0.1628E+02  0.2088E+02  0.2133E+02
188.5  0.1400E+02  0.1631E+02  0.2091E+02  0.2136E+02
190  0.1408E+02  0.1640E+02  0.2098E+02  0.2144E+02
191.6  0.1411E+02  0.1643E+02  0.2087E+02  0.2131E+02
193  0.1413E+02  0.1643E+02  0.2091E+02  0.2135E+02
194.1  0.1415E+02  0.1646E+02  0.2102E+02  0.2147E+02
195.9  0.1422E+02  0.1653E+02  0.2099E+02  0.2146E+02
197.2  0.1422E+02  0.1653E+02  0.2096E+02  0.2139E+02
198.5  0.1425E+02  0.1655E+02  0.2098E+02  0.2143E+02
199.7  0.1428E+02  0.1659E+02  0.2099E+02  0.2143E+02
201  0.1429E+02  0.1659E+02  0.2097E+02  0.2141E+02
202.3  0.1433E+02  0.1661E+02  0.2105E+02  0.2149E+02
203.6  0.1434E+02  0.1661E+02  0.2105E+02  0.2150E+02
204.7  0.1436E+02  0.1663E+02  0.2100E+02  0.2145E+02
206.1  0.1441E+02  0.1669E+02  0.2104E+02  0.2147E+02
207.5  0.1445E+02  0.1674E+02  0.2116E+02  0.2161E+02
208.8  0.1449E+02  0.1679E+02  0.2119E+02  0.2165E+02
209.9  0.1454E+02  0.1682E+02  0.2116E+02  0.2161E+02
211.1  0.1455E+02  0.1683E+02  0.2115E+02  0.2160E+02
212.1  0.1458E+02  0.1686E+02  0.2124E+02  0.2168E+02
213.2  0.1463E+02  0.1691E+02  0.2133E+02  0.2176E+02
214.3  0.1466E+02  0.1693E+02  0.2133E+02  0.2178E+02
215.4  0.1469E+02  0.1696E+02  0.2139E+02  0.2183E+02
216.6  0.1471E+02  0.1699E+02  0.2149E+02  0.2195E+02
217.6  0.1474E+02  0.1701E+02  0.2159E+02  0.2205E+02
218.5  0.1476E+02  0.1702E+02  0.2171E+02  0.2218E+02
219.6  0.1476E+02  0.1703E+02  0.2174E+02  0.2220E+02
220.9  0.1478E+02  0.1706E+02  0.2177E+02  0.2225E+02
222  0.1479E+02  0.1708E+02  0.2187E+02  0.2235E+02
223  0.1481E+02  0.1709E+02  0.2190E+02  0.2238E+02
224.1  0.1483E+02  0.1711E+02  0.2191E+02  0.2239E+02
225.1  0.1486E+02  0.1715E+02  0.2195E+02  0.2242E+02
226.3  0.1488E+02  0.1718E+02  0.2197E+02  0.2245E+02
227.4  0.1492E+02  0.1723E+02  0.2202E+02  0.2250E+02
228.3  0.1495E+02  0.1726E+02  0.2202E+02  0.2250E+02
229.2  0.1495E+02  0.1728E+02  0.2205E+02  0.2253E+02
230.3  0.1497E+02  0.1730E+02  0.2214E+02  0.2262E+02
231.4  0.1499E+02  0.1731E+02  0.2222E+02  0.2268E+02
232.3  0.1500E+02  0.1733E+02  0.2234E+02  0.2282E+02
233.3  0.1503E+02  0.1734E+02  0.2226E+02  0.2274E+02
234.3  0.1505E+02  0.1736E+02  0.2227E+02  0.2275E+02
235.2  0.1505E+02  0.1736E+02  0.2222E+02  0.2271E+02
236.1  0.1510E+02  0.1739E+02  0.2217E+02  0.2264E+02
236.9  0.1511E+02  0.1740E+02  0.2213E+02  0.2261E+02
237.7  0.1513E+02  0.1742E+02  0.2203E+02  0.2251E+02
238.6  0.1517E+02  0.1744E+02  0.2202E+02  0.2250E+02
239.7  0.1520E+02  0.1747E+02  0.2208E+02  0.2255E+02
240.4  0.1520E+02  0.1748E+02  0.2209E+02  0.2256E+02
241.3  0.1526E+02  0.1754E+02  0.2198E+02  0.2245E+02
242.1  0.1526E+02  0.1753E+02  0.2187E+02  0.2232E+02
243.2  0.1530E+02  0.1756E+02  0.2191E+02  0.2238E+02
244.1  0.1532E+02  0.1759E+02  0.2195E+02  0.2242E+02
245  0.1535E+02  0.1760E+02  0.2191E+02  0.2239E+02
245.9  0.1538E+02  0.1762E+02  0.2190E+02  0.2236E+02
246.8  0.1539E+02  0.1762E+02  0.2182E+02  0.2229E+02
247.6  0.1539E+02  0.1762E+02  0.2177E+02  0.2223E+02
248.5  0.1542E+02  0.1764E+02  0.2175E+02  0.2220E+02
249.2  0.1543E+02  0.1763E+02  0.2172E+02  0.2218E+02
250  0.1544E+02  0.1762E+02  0.2168E+02  0.2212E+02
250.8  0.1545E+02  0.1764E+02  0.2170E+02  0.2216E+02
251.6  0.1546E+02  0.1764E+02  0.2172E+02  0.2218E+02
252.3  0.1547E+02  0.1765E+02  0.2173E+02  0.2219E+02
253  0.1548E+02  0.1766E+02  0.2175E+02  0.2220E+02
253.8  0.1551E+02  0.1768E+02  0.2175E+02  0.2222E+02
254.6  0.1552E+02  0.1769E+02  0.2176E+02  0.2222E+02
255.4  0.1551E+02  0.1769E+02  0.2176E+02  0.2222E+02
256.1  0.1551E+02  0.1769E+02  0.2175E+02  0.2222E+02
256.9  0.1551E+02  0.1769E+02  0.2176E+02  0.2221E+02
257.6  0.1552E+02  0.1769E+02  0.2175E+02  0.2221E+02
258.3  0.1551E+02  0.1769E+02  0.2175E+02  0.2222E+02
259  0.1565E+02  0.1783E+02  0.2186E+02  0.2231E+02
259.8  0.1564E+02  0.1783E+02  0.2186E+02  0.2231E+02
260.5  0.1565E+02  0.1783E+02  0.2185E+02  0.2232E+02
261.1  0.1565E+02  0.1782E+02  0.2186E+02  0.2232E+02
261.9  0.1565E+02  0.1782E+02  0.2185E+02  0.2231E+02
262.6  0.1564E+02  0.1782E+02  0.2185E+02  0.2231E+02
263.3  0.1564E+02  0.1782E+02  0.2186E+02  0.2230E+02
264  0.1564E+02  0.1782E+02  0.2186E+02  0.2231E+02
264.7  0.1568E+02  0.1785E+02  0.2187E+02  0.2234E+02
265.4  0.1570E+02  0.1789E+02  0.2189E+02  0.2235E+02
266  0.1569E+02  0.1788E+02  0.2188E+02  0.2234E+02
266.6  0.1573E+02  0.1791E+02  0.2191E+02  0.2237E+02
267.4  0.1575E+02  0.1794E+02  0.2190E+02  0.2236E+02
268  0.1576E+02  0.1794E+02  0.2188E+02  0.2235E+02
268.7  0.1579E+02  0.1796E+02  0.2187E+02  0.2232E+02
269.4  0.1580E+02  0.1798E+02  0.2187E+02  0.2232E+02
270  0.1583E+02  0.1799E+02  0.2185E+02  0.2231E+02
270.6  0.1584E+02  0.1799E+02  0.2182E+02  0.2229E+02
271.3  0.1585E+02  0.1801E+02  0.2183E+02  0.2228E+02
271.9  0.1587E+02  0.1802E+02  0.2183E+02  0.2230E+02
272.6  0.1587E+02  0.1803E+02  0.2184E+02  0.2230E+02
273.2  0.1588E+02  0.1803E+02  0.2182E+02  0.2228E+02
273.9  0.1590E+02  0.1805E+02  0.2182E+02  0.2226E+02
274.4  0.1591E+02  0.1806E+02  0.2178E+02  0.2224E+02
275.1  0.1592E+02  0.1806E+02  0.2178E+02  0.2223E+02
275.6  0.1593E+02  0.1807E+02  0.2181E+02  0.2224E+02
276.2  0.1593E+02  0.1808E+02  0.2184E+02  0.2226E+02
277  0.1593E+02  0.1810E+02  0.2193E+02  0.2236E+02
277.8  0.1599E+02  0.1819E+02  0.2215E+02  0.2260E+02
278.5  0.1602E+02  0.1826E+02  0.2231E+02  0.2276E+02
279.2  0.1604E+02  0.1831E+02  0.2242E+02  0.2287E+02
279.9  0.1605E+02  0.1832E+02  0.2245E+02  0.2290E+02
280.6  0.1606E+02  0.1833E+02  0.2249E+02  0.2296E+02
281.4  0.1608E+02  0.1835E+02  0.2251E+02  0.2298E+02
282.1  0.1609E+02  0.1837E+02  0.2250E+02  0.2296E+02
282.7  0.1611E+02  0.1838E+02  0.2250E+02  0.2295E+02
283.4  0.1612E+02  0.1839E+02  0.2248E+02  0.2294E+02
284.1  0.1613E+02  0.1840E+02  0.2249E+02  0.2294E+02
284.7  0.1615E+02  0.1841E+02  0.2248E+02  0.2294E+02
285.4  0.1616E+02  0.1842E+02  0.2247E+02  0.2292E+02
286.1  0.1618E+02  0.1844E+02  0.2242E+02  0.2286E+02
286.7  0.1620E+02  0.1845E+02  0.2242E+02  0.2287E+02
287.4  0.1621E+02  0.1846E+02  0.2243E+02  0.2287E+02
288.1  0.1623E+02  0.1848E+02  0.2246E+02  0.2289E+02
288.8  0.1625E+02  0.1850E+02  0.2246E+02  0.2289E+02
289.5  0.1627E+02  0.1851E+02  0.2246E+02  0.2290E+02
290.2  0.1628E+02  0.1852E+02  0.2248E+02  0.2291E+02
290.8  0.1629E+02  0.1855E+02  0.2252E+02  0.2295E+02
291.4  0.1630E+02  0.1855E+02  0.2255E+02  0.2300E+02
292.1  0.1632E+02  0.1858E+02  0.2259E+02  0.2303E+02
292.8  0.1633E+02  0.1858E+02  0.2259E+02  0.2305E+02
293.6  0.1635E+02  0.1860E+02  0.2260E+02  0.2306E+02
294.4  0.1636E+02  0.1861E+02  0.2256E+02  0.2302E+02
295.1  0.1636E+02  0.1861E+02  0.2258E+02  0.2301E+02
295.9  0.1637E+02  0.1861E+02  0.2263E+02  0.2309E+02
296.7  0.1638E+02  0.1862E+02  0.2267E+02  0.2311E+02
297.4  0.1639E+02  0.1864E+02  0.2268E+02  0.2312E+02
298.2  0.1639E+02  0.1864E+02  0.2267E+02  0.2313E+02
299  0.1642E+02  0.1866E+02  0.2270E+02  0.2314E+02
299.7  0.1643E+02  0.1868E+02  0.2269E+02  0.2315E+02
300.4  0.1645E+02  0.1869E+02  0.2271E+02  0.2316E+02
301.2  0.1646E+02  0.1871E+02  0.2271E+02  0.2316E+02
301.9  0.1648E+02  0.1872E+02  0.2272E+02  0.2316E+02
302.6  0.1649E+02  0.1872E+02  0.2277E+02  0.2322E+02
303.3  0.1650E+02  0.1873E+02  0.2281E+02  0.2327E+02
304  0.1651E+02  0.1874E+02  0.2282E+02  0.2328E+02
304.6  0.1652E+02  0.1876E+02  0.2284E+02  0.2330E+02
305.4  0.1653E+02  0.1877E+02  0.2285E+02  0.2330E+02
306.1  0.1654E+02  0.1877E+02  0.2286E+02  0.2333E+02
306.8  0.1656E+02  0.1879E+02  0.2287E+02  0.2333E+02
307.5  0.1656E+02  0.1880E+02  0.2288E+02  0.2334E+02
308.3  0.1657E+02  0.1882E+02  0.2288E+02  0.2334E+02
309  0.1659E+02  0.1883E+02  0.2290E+02  0.2335E+02
309.7  0.1660E+02  0.1884E+02  0.2291E+02  0.2337E+02
310.4  0.1662E+02  0.1885E+02  0.2291E+02  0.2337E+02
311.1  0.1663E+02  0.1886E+02  0.2291E+02  0.2338E+02
311.8  0.1663E+02  0.1888E+02  0.2292E+02  0.2338E+02
312.5  0.1665E+02  0.1889E+02  0.2294E+02  0.2338E+02
313.2  0.1666E+02  0.1889E+02  0.2293E+02  0.2339E+02
313.9  0.1667E+02  0.1891E+02  0.2294E+02  0.2340E+02
314.6  0.1669E+02  0.1892E+02  0.2294E+02  0.2341E+02
315.3  0.1670E+02  0.1893E+02  0.2296E+02  0.2342E+02
316.1  0.1671E+02  0.1895E+02  0.2296E+02  0.2342E+02
316.7  0.1673E+02  0.1896E+02  0.2298E+02  0.2343E+02
317.4  0.1674E+02  0.1896E+02  0.2297E+02  0.2343E+02
318.1  0.1675E+02  0.1898E+02  0.2298E+02  0.2345E+02
318.7  0.1676E+02  0.1899E+02  0.2298E+02  0.2345E+02
319.4  0.1677E+02  0.1900E+02  0.2300E+02  0.2345E+02
320  0.1679E+02  0.1901E+02  0.2300E+02  0.2346E+02
320.6  0.1680E+02  0.1902E+02  0.2302E+02  0.2346E+02
321.3  0.1680E+02  0.1903E+02  0.2302E+02  0.2348E+02
321.9  0.1682E+02  0.1905E+02  0.2302E+02  0.2348E+02
322.5  0.1683E+02  0.1906E+02  0.2303E+02  0.2350E+02
323.1  0.1684E+02  0.1907E+02  0.2304E+02  0.2351E+02
323.8  0.1686E+02  0.1908E+02  0.2305E+02  0.2349E+02
324.4  0.1686E+02  0.1909E+02  0.2306E+02  0.2351E+02
325  0.1687E+02  0.1910E+02  0.2306E+02  0.2351E+02
325.6  0.1689E+02  0.1912E+02  0.2307E+02  0.2353E+02
326.2  0.1690E+02  0.1912E+02  0.2306E+02  0.2352E+02
326.8  0.1691E+02  0.1913E+02  0.2307E+02  0.2354E+02
327.6  0.1692E+02  0.1915E+02  0.2307E+02  0.2354E+02
328.3  0.1694E+02  0.1916E+02  0.2308E+02  0.2353E+02
329  0.1694E+02  0.1916E+02  0.2307E+02  0.2354E+02
329.8  0.1695E+02  0.1917E+02  0.2308E+02  0.2353E+02
330.5  0.1697E+02  0.1918E+02  0.2309E+02  0.2354E+02
331.3  0.1698E+02  0.1919E+02  0.2309E+02  0.2354E+02
332.1  0.1699E+02  0.1921E+02  0.2311E+02  0.2356E+02
332.8  0.1701E+02  0.1923E+02  0.2309E+02  0.2357E+02
333.5  0.1702E+02  0.1924E+02  0.2311E+02  0.2356E+02
334.3  0.1704E+02  0.1926E+02  0.2312E+02  0.2358E+02
335.1  0.1705E+02  0.1927E+02  0.2313E+02  0.2358E+02
335.8  0.1707E+02  0.1928E+02  0.2314E+02  0.2360E+02
336.4  0.1708E+02  0.1929E+02  0.2316E+02  0.2360E+02
337.2  0.1709E+02  0.1930E+02  0.2315E+02  0.2360E+02
337.9  0.1711E+02  0.1932E+02  0.2315E+02  0.2361E+02
338.6  0.1712E+02  0.1933E+02  0.2316E+02  0.2361E+02
339.3  0.1713E+02  0.1934E+02  0.2317E+02  0.2363E+02
340  0.1714E+02  0.1935E+02  0.2318E+02  0.2363E+02
340.6  0.1715E+02  0.1936E+02  0.2318E+02  0.2363E+02
341.3  0.1716E+02  0.1937E+02  0.2319E+02  0.2364E+02
342  0.1717E+02  0.1938E+02  0.2319E+02  0.2364E+02
342.8  0.1718E+02  0.1939E+02  0.2319E+02  0.2365E+02
343.5  0.1719E+02  0.1940E+02  0.2320E+02  0.2366E+02
344.2  0.1721E+02  0.1942E+02  0.2320E+02  0.2366E+02
345  0.1722E+02  0.1942E+02  0.2321E+02  0.2366E+02
345.8  0.1723E+02  0.1943E+02  0.2320E+02  0.2366E+02
346.5  0.1723E+02  0.1944E+02  0.2321E+02  0.2367E+02
347.3  0.1725E+02  0.1945E+02  0.2322E+02  0.2366E+02
348.1  0.1725E+02  0.1946E+02  0.2320E+02  0.2367E+02
348.8  0.1727E+02  0.1947E+02  0.2323E+02  0.2368E+02
349.6  0.1729E+02  0.1949E+02  0.2323E+02  0.2368E+02
350.3  0.1731E+02  0.1950E+02  0.2323E+02  0.2369E+02
351.1  0.1732E+02  0.1952E+02  0.2325E+02  0.2369E+02
351.8  0.1734E+02  0.1953E+02  0.2325E+02  0.2370E+02
352.6  0.1735E+02  0.1955E+02  0.2327E+02  0.2372E+02
353.4  0.1736E+02  0.1956E+02  0.2327E+02  0.2373E+02
354.1  0.1737E+02  0.1957E+02  0.2327E+02  0.2374E+02
354.9  0.1738E+02  0.1959E+02  0.2328E+02  0.2372E+02
355.6  0.1739E+02  0.1959E+02  0.2328E+02  0.2373E+02
356.4  0.1741E+02  0.1960E+02  0.2329E+02  0.2373E+02
357.1  0.1742E+02  0.1961E+02  0.2328E+02  0.2374E+02
357.9  0.1743E+02  0.1963E+02  0.2329E+02  0.2375E+02
358.6  0.1744E+02  0.1963E+02  0.2330E+02  0.2374E+02
359.4  0.1745E+02  0.1965E+02  0.2331E+02  0.2375E+02
360.1  0.1746E+02  0.1966E+02  0.2331E+02  0.2377E+02
360.8  0.1748E+02  0.1967E+02  0.2332E+02  0.2377E+02
361.6  0.1749E+02  0.1968E+02  0.2331E+02  0.2377E+02
362.3  0.1751E+02  0.1969E+02  0.2332E+02  0.2376E+02
363.1  0.1752E+02  0.1971E+02  0.2331E+02  0.2376E+02
363.9  0.1752E+02  0.1971E+02  0.2331E+02  0.2376E+02
364.7  0.1753E+02  0.1972E+02  0.2331E+02  0.2376E+02
365.5  0.1754E+02  0.1973E+02  0.2331E+02  0.2376E+02
366.2  0.1755E+02  0.1974E+02  0.2332E+02  0.2377E+02
367  0.1757E+02  0.1976E+02  0.2333E+02  0.2377E+02
367.8  0.1758E+02  0.1978E+02  0.2333E+02  0.2378E+02
368.6  0.1760E+02  0.1979E+02  0.2335E+02  0.2380E+02
369.4  0.1761E+02  0.1980E+02  0.2334E+02  0.2381E+02
370.1  0.1762E+02  0.1981E+02  0.2335E+02  0.2379E+02
370.9  0.1764E+02  0.1982E+02  0.2336E+02  0.2381E+02
371.7  0.1765E+02  0.1983E+02  0.2336E+02  0.2382E+02
372.5  0.1766E+02  0.1985E+02  0.2338E+02  0.2382E+02
373.2  0.1767E+02  0.1986E+02  0.2337E+02  0.2382E+02
374  0.1768E+02  0.1987E+02  0.2336E+02  0.2381E+02
374.8  0.1770E+02  0.1988E+02  0.2337E+02  0.2382E+02
375.5  0.1770E+02  0.1989E+02  0.2337E+02  0.2382E+02
376.3  0.1772E+02  0.1990E+02  0.2338E+02  0.2383E+02
377  0.1773E+02  0.1991E+02  0.2339E+02  0.2384E+02
377.8  0.1774E+02  0.1992E+02  0.2339E+02  0.2383E+02
378.6  0.1774E+02  0.1993E+02  0.2338E+02  0.2384E+02
379.4  0.1776E+02  0.1994E+02  0.2340E+02  0.2384E+02
380.1  0.1777E+02  0.1995E+02  0.2341E+02  0.2385E+02
380.9  0.1778E+02  0.1996E+02  0.2341E+02  0.2387E+02
381.6  0.1780E+02  0.1997E+02  0.2342E+02  0.2386E+02
382.4  0.1781E+02  0.1998E+02  0.2343E+02  0.2386E+02
383.1  0.1781E+02  0.1999E+02  0.2342E+02  0.2387E+02
383.8  0.1783E+02  0.2001E+02  0.2342E+02  0.2387E+02
384.6  0.1784E+02  0.2002E+02  0.2343E+02  0.2389E+02
385.3  0.1785E+02  0.2003E+02  0.2343E+02  0.2389E+02
386  0.1786E+02  0.2003E+02  0.2344E+02  0.2389E+02
386.8  0.1787E+02  0.2005E+02  0.2346E+02  0.2388E+02
387.5  0.1788E+02  0.2005E+02  0.2344E+02  0.2390E+02
388.3  0.1789E+02  0.2007E+02  0.2345E+02  0.2391E+02
389.1  0.1791E+02  0.2008E+02  0.2346E+02  0.2391E+02
389.8  0.1792E+02  0.2009E+02  0.2346E+02  0.2391E+02
390.6  0.1793E+02  0.2010E+02  0.2348E+02  0.2391E+02
391.3  0.1794E+02  0.2011E+02  0.2348E+02  0.2392E+02
392  0.1796E+02  0.2013E+02  0.2348E+02  0.2393E+02
392.8  0.1796E+02  0.2013E+02  0.2349E+02  0.2393E+02
393.5  0.1797E+02  0.2014E+02  0.2349E+02  0.2394E+02
394.2  0.1798E+02  0.2016E+02  0.2349E+02  0.2395E+02
395.65  0.1800E+02  0.2016E+02  0.2351E+02  0.2394E+02
395.74  0.1800E+02  0.2018E+02  0.2351E+02  0.2395E+02
396.4  0.1802E+02  0.2018E+02  0.2351E+02  0.2396E+02
397.2  0.1803E+02  0.2019E+02  0.2351E+02  0.2396E+02
397.9  0.1804E+02  0.2021E+02  0.2351E+02  0.2396E+02
398.7  0.1805E+02  0.2021E+02  0.2351E+02  0.2395E+02
399.4  0.1806E+02  0.2022E+02  0.2352E+02  0.2396E+02
400.1  0.1807E+02  0.2024E+02  0.2353E+02  0.2397E+02
400.8  0.1808E+02  0.2025E+02  0.2353E+02  0.2397E+02
401.5  0.1809E+02  0.2026E+02  0.2352E+02  0.2399E+02
402.2  0.1809E+02  0.2026E+02  0.2354E+02  0.2398E+02
402.9  0.1811E+02  0.2027E+02  0.2354E+02  0.2398E+02
403.7  0.1812E+02  0.2028E+02  0.2354E+02  0.2398E+02
404.4  0.1813E+02  0.2029E+02  0.2355E+02  0.2400E+02
405.1  0.1813E+02  0.2030E+02  0.2356E+02  0.2399E+02
405.8  0.1815E+02  0.2031E+02  0.2357E+02  0.2400E+02
406.5  0.1815E+02  0.2032E+02  0.2355E+02  0.2401E+02
407.2  0.1816E+02  0.2033E+02  0.2357E+02  0.2402E+02
408  0.1817E+02  0.2034E+02  0.2357E+02  0.2401E+02
408.7  0.1819E+02  0.2035E+02  0.2359E+02  0.2402E+02
409.4  0.1820E+02  0.2036E+02  0.2358E+02  0.2403E+02
410.1  0.1821E+02  0.2037E+02  0.2359E+02  0.2403E+02
410.8  0.1821E+02  0.2038E+02  0.2358E+02  0.2403E+02
411.5  0.1823E+02  0.2039E+02  0.2359E+02  0.2402E+02
412.2  0.1824E+02  0.2040E+02  0.2358E+02  0.2402E+02
412.8  0.1825E+02  0.2041E+02  0.2360E+02  0.2404E+02
413.6  0.1825E+02  0.2041E+02  0.2359E+02  0.2403E+02
414.2  0.1827E+02  0.2043E+02  0.2360E+02  0.2404E+02
414.9  0.1828E+02  0.2044E+02  0.2360E+02  0.2405E+02
415.5  0.1828E+02  0.2045E+02  0.2362E+02  0.2405E+02
416.2  0.1829E+02  0.2045E+02  0.2362E+02  0.2406E+02
416.8  0.1830E+02  0.2046E+02  0.2361E+02  0.2405E+02
417.5  0.1831E+02  0.2047E+02  0.2360E+02  0.2406E+02
418.2  0.1832E+02  0.2048E+02  0.2362E+02  0.2406E+02
418.8  0.1832E+02  0.2049E+02  0.2363E+02  0.2407E+02
419.5  0.1833E+02  0.2050E+02  0.2363E+02  0.2407E+02
420.1  0.1835E+02  0.2051E+02  0.2363E+02  0.2409E+02
420.8  0.1835E+02  0.2052E+02  0.2365E+02  0.2408E+02
421.5  0.1836E+02  0.2052E+02  0.2365E+02  0.2407E+02
422.2  0.1837E+02  0.2053E+02  0.2363E+02  0.2408E+02
422.8  0.1838E+02  0.2054E+02  0.2364E+02  0.2409E+02
423.5  0.1839E+02  0.2055E+02  0.2365E+02  0.2410E+02
424.2  0.1840E+02  0.2056E+02  0.2365E+02  0.2409E+02
424.8  0.1841E+02  0.2057E+02  0.2366E+02  0.2410E+02
425.5  0.1842E+02  0.2058E+02  0.2367E+02  0.2412E+02
426.2  0.1843E+02  0.2058E+02  0.2368E+02  0.2410E+02
426.9  0.1844E+02  0.2060E+02  0.2368E+02  0.2410E+02
427.6  0.1844E+02  0.2061E+02  0.2367E+02  0.2411E+02
428.3  0.1845E+02  0.2061E+02  0.2367E+02  0.2413E+02
429  0.1847E+02  0.2062E+02  0.2368E+02  0.2413E+02
429.8  0.1847E+02  0.2063E+02  0.2368E+02  0.2413E+02
430.5  0.1848E+02  0.2063E+02  0.2370E+02  0.2413E+02
431.1  0.1848E+02  0.2064E+02  0.2371E+02  0.2414E+02
431.7  0.1849E+02  0.2066E+02  0.2371E+02  0.2414E+02
432.4  0.1851E+02  0.2066E+02  0.2370E+02  0.2414E+02
433  0.1852E+02  0.2067E+02  0.2371E+02  0.2415E+02
433.7  0.1852E+02  0.2068E+02  0.2371E+02  0.2415E+02
434.4  0.1853E+02  0.2069E+02  0.2371E+02  0.2416E+02
435.1  0.1854E+02  0.2069E+02  0.2372E+02  0.2416E+02
435.7  0.1855E+02  0.2070E+02  0.2373E+02  0.2415E+02
436.4  0.1856E+02  0.2071E+02  0.2372E+02  0.2416E+02
437.65  0.1856E+02  0.2072E+02  0.2372E+02  0.2417E+02
437.74  0.1857E+02  0.2072E+02  0.2372E+02  0.2417E+02
438.4  0.1858E+02  0.2074E+02  0.2372E+02  0.2417E+02
439  0.1859E+02  0.2074E+02  0.2374E+02  0.2418E+02
439.6  0.1860E+02  0.2075E+02  0.2373E+02  0.2418E+02
440.3  0.1860E+02  0.2075E+02  0.2374E+02  0.2419E+02
440.9  0.1861E+02  0.2077E+02  0.2375E+02  0.2419E+02
441.6  0.1863E+02  0.2077E+02  0.2376E+02  0.2420E+02
442.2  0.1863E+02  0.2078E+02  0.2376E+02  0.2420E+02
442.8  0.1864E+02  0.2079E+02  0.2376E+02  0.2419E+02
443.5  0.1864E+02  0.2079E+02  0.2375E+02  0.2421E+02
444.1  0.1865E+02  0.2080E+02  0.2377E+02  0.2421E+02
444.7  0.1866E+02  0.2082E+02  0.2377E+02  0.2422E+02
445.4  0.1867E+02  0.2082E+02  0.2377E+02  0.2422E+02
446  0.1868E+02  0.2083E+02  0.2377E+02  0.2421E+02
446.6  0.1869E+02  0.2084E+02  0.2378E+02  0.2422E+02
447.3  0.1869E+02  0.2084E+02  0.2380E+02  0.2421E+02
447.9  0.1871E+02  0.2085E+02  0.2380E+02  0.2423E+02
448.5  0.1871E+02  0.2086E+02  0.2380E+02  0.2423E+02
449.1  0.1872E+02  0.2087E+02  0.2378E+02  0.2423E+02
449.8  0.1872E+02  0.2087E+02  0.2380E+02  0.2424E+02
450.4  0.1873E+02  0.2088E+02  0.2381E+02  0.2425E+02
451  0.1874E+02  0.2088E+02  0.2380E+02  0.2425E+02
451.6  0.1875E+02  0.2090E+02  0.2380E+02  0.2424E+02
452.2  0.1875E+02  0.2090E+02  0.2380E+02  0.2424E+02
452.9  0.1876E+02  0.2091E+02  0.2381E+02  0.2425E+02
453.5  0.1876E+02  0.2091E+02  0.2383E+02  0.2426E+02
454  0.1877E+02  0.2092E+02  0.2383E+02  0.2426E+02
454.6  0.1878E+02  0.2093E+02  0.2381E+02  0.2426E+02
455.2  0.1879E+02  0.2093E+02  0.2381E+02  0.2426E+02
455.8  0.1880E+02  0.2094E+02  0.2382E+02  0.2426E+02
456.4  0.1880E+02  0.2095E+02  0.2383E+02  0.2427E+02
457  0.1881E+02  0.2095E+02  0.2383E+02  0.2427E+02
457.6  0.1881E+02  0.2096E+02  0.2384E+02  0.2427E+02
458.2  0.1882E+02  0.2097E+02  0.2383E+02  0.2427E+02
458.8  0.1883E+02  0.2097E+02  0.2384E+02  0.2428E+02
459.4  0.1884E+02  0.2098E+02  0.2385E+02  0.2427E+02
460  0.1885E+02  0.2099E+02  0.2386E+02  0.2430E+02
460.6  0.1885E+02  0.2100E+02  0.2387E+02  0.2429E+02
461.1  0.1886E+02  0.2100E+02  0.2385E+02  0.2430E+02
461.8  0.1886E+02  0.2101E+02  0.2386E+02  0.2429E+02
462.4  0.1887E+02  0.2101E+02  0.2385E+02  0.2429E+02
463  0.1888E+02  0.2102E+02  0.2386E+02  0.2431E+02
463.6  0.1888E+02  0.2104E+02  0.2387E+02  0.2431E+02
464.3  0.1890E+02  0.2104E+02  0.2388E+02  0.2431E+02
464.9  0.1890E+02  0.2105E+02  0.2389E+02  0.2431E+02
465.5  0.1891E+02  0.2105E+02  0.2389E+02  0.2431E+02
466.1  0.1892E+02  0.2106E+02  0.2389E+02  0.2433E+02
466.7  0.1893E+02  0.2107E+02  0.2388E+02  0.2434E+02
467.3  0.1893E+02  0.2108E+02  0.2388E+02  0.2434E+02
467.9  0.1894E+02  0.2108E+02  0.2390E+02  0.2432E+02
468.6  0.1894E+02  0.2109E+02  0.2390E+02  0.2432E+02
469.2  0.1896E+02  0.2110E+02  0.2390E+02  0.2433E+02
469.8  0.1896E+02  0.2110E+02  0.2389E+02  0.2434E+02
470.4  0.1897E+02  0.2111E+02  0.2391E+02  0.2435E+02
471  0.1897E+02  0.2112E+02  0.2391E+02  0.2435E+02
471.6  0.1898E+02  0.2112E+02  0.2392E+02  0.2435E+02
472.2  0.1899E+02  0.2113E+02  0.2392E+02  0.2436E+02
472.8  0.1900E+02  0.2114E+02  0.2391E+02  0.2436E+02
473.4  0.1900E+02  0.2114E+02  0.2392E+02  0.2435E+02
474.1  0.1901E+02  0.2115E+02  0.2392E+02  0.2436E+02
474.7  0.1901E+02  0.2116E+02  0.2393E+02  0.2436E+02
475.3  0.1902E+02  0.2116E+02  0.2393E+02  0.2436E+02
475.9  0.1902E+02  0.2117E+02  0.2393E+02  0.2437E+02
476.5  0.1904E+02  0.2117E+02  0.2393E+02  0.2437E+02
477.1  0.1904E+02  0.2118E+02  0.2394E+02  0.2438E+02
477.7  0.1905E+02  0.2119E+02  0.2395E+02  0.2438E+02
478.3  0.1906E+02  0.2120E+02  0.2395E+02  0.2439E+02
478.9  0.1906E+02  0.2120E+02  0.2396E+02  0.2438E+02
479.5  0.1907E+02  0.2121E+02  0.2395E+02  0.2438E+02
480.1  0.1908E+02  0.2122E+02  0.2395E+02  0.2438E+02
480.7  0.1909E+02  0.2122E+02  0.2395E+02  0.2439E+02
481.3  0.1909E+02  0.2123E+02  0.2396E+02  0.2439E+02
481.9  0.1909E+02  0.2124E+02  0.2396E+02  0.2441E+02
482.5  0.1910E+02  0.2124E+02  0.2396E+02  0.2441E+02
483.2  0.1911E+02  0.2125E+02  0.2397E+02  0.2441E+02
483.8  0.1912E+02  0.2126E+02  0.2397E+02  0.2441E+02
484.4  0.1913E+02  0.2126E+02  0.2399E+02  0.2442E+02
485  0.1913E+02  0.2127E+02  0.2399E+02  0.2440E+02
485.6  0.1914E+02  0.2127E+02  0.2398E+02  0.2440E+02
486.2  0.1914E+02  0.2129E+02  0.2398E+02  0.2442E+02
486.8  0.1915E+02  0.2129E+02  0.2398E+02  0.2442E+02
487.4  0.1916E+02  0.2130E+02  0.2398E+02  0.2442E+02
488  0.1917E+02  0.2130E+02  0.2400E+02  0.2443E+02
488.6  0.1917E+02  0.2130E+02  0.2400E+02  0.2443E+02
489.1  0.1918E+02  0.2132E+02  0.2400E+02  0.2443E+02
489.7  0.1918E+02  0.2132E+02  0.2400E+02  0.2444E+02
490.3  0.1919E+02  0.2133E+02  0.2400E+02  0.2445E+02
490.9  0.1919E+02  0.2133E+02  0.2400E+02  0.2443E+02
491.6  0.1920E+02  0.2134E+02  0.2402E+02  0.2443E+02
492.1  0.1921E+02  0.2135E+02  0.2401E+02  0.2444E+02
492.7  0.1922E+02  0.2135E+02  0.2401E+02  0.2444E+02
493.2  0.1922E+02  0.2136E+02  0.2402E+02  0.2446E+02
493.7  0.1923E+02  0.2137E+02  0.2401E+02  0.2445E+02
494.3  0.1923E+02  0.2137E+02  0.2401E+02  0.2445E+02
494.8  0.1924E+02  0.2138E+02  0.2402E+02  0.2446E+02
495.3  0.1925E+02  0.2138E+02  0.2403E+02  0.2446E+02
495.9  0.1925E+02  0.2138E+02  0.2404E+02  0.2447E+02
496.4  0.1925E+02  0.2139E+02  0.2404E+02  0.2447E+02
496.9  0.1926E+02  0.2140E+02  0.2404E+02  0.2446E+02
497.5  0.1927E+02  0.2140E+02  0.2404E+02  0.2446E+02
498  0.1927E+02  0.2140E+02  0.2404E+02  0.2446E+02
498.5  0.1927E+02  0.2142E+02  0.2403E+02  0.2447E+02
499  0.1929E+02  0.2142E+02  0.2403E+02  0.2447E+02
499.6  0.1929E+02  0.2142E+02  0.2404E+02  0.2447E+02
500.1  0.1930E+02  0.2143E+02  0.2405E+02  0.2449E+02
500.6  0.1930E+02  0.2143E+02  0.2405E+02  0.2449E+02
501.1  0.1931E+02  0.2144E+02  0.2405E+02  0.2450E+02
501.6  0.1931E+02  0.2144E+02  0.2405E+02  0.2450E+02
502.2  0.1932E+02  0.2145E+02  0.2406E+02  0.2449E+02
502.7  0.1932E+02  0.2145E+02  0.2406E+02  0.2447E+02
503.2  0.1933E+02  0.2146E+02  0.2406E+02  0.2447E+02
503.7  0.1933E+02  0.2147E+02  0.2407E+02  0.2449E+02
504.2  0.1934E+02  0.2147E+02  0.2408E+02  0.2451E+02
504.8  0.1934E+02  0.2147E+02  0.2407E+02  0.2451E+02
