-89.95  0.0000E+00  0.0000E+00  0.0000E+00  0.0000E+00
-87.45  0.3538E+51  0.6362E+44  0.0000E+00  0.0000E+00
-73.54  0.5956E+51  0.1383E+46  0.2645E+45  0.2678E+45
-55.52  0.1127E+52  0.2053E+46  0.3863E+45  0.3890E+45
-38.26  0.2257E+52  0.2665E+46  0.4491E+45  0.4517E+45
-25.29  0.4776E+52  0.3522E+46  0.4865E+45  0.4879E+45
-17.46  0.9005E+52  0.4231E+46  0.4572E+45  0.4590E+45
-12.32  0.1549E+53  0.4847E+46  0.4027E+45  0.4034E+45
-8.784  0.2534E+53  0.5246E+46  0.3345E+45  0.3356E+45
-6.417  0.3774E+53  0.5570E+46  0.2783E+45  0.2788E+45
-4.846  0.5003E+53  0.5742E+46  0.2347E+45  0.2351E+45
-3.724  0.6213E+53  0.5874E+46  0.2037E+45  0.2046E+45
-2.855  0.7341E+53  0.5941E+46  0.1774E+45  0.1779E+45
-2.191  0.8281E+53  0.5984E+46  0.1556E+45  0.1560E+45
-1.693  0.9012E+53  0.6004E+46  0.1399E+45  0.1402E+45
-1.306  0.9516E+53  0.6007E+46  0.1264E+45  0.1268E+45
-1.024  0.9883E+53  0.5998E+46  0.1169E+45  0.1171E+45
-0.7978  0.1015E+54  0.5980E+46  0.1090E+45  0.1092E+45
-0.6365  0.1032E+54  0.5971E+46  0.1033E+45  0.1035E+45
-0.5083  0.1046E+54  0.5947E+46  0.9872E+44  0.9899E+44
-0.4179  0.1053E+54  0.5941E+46  0.9545E+44  0.9569E+44
-0.3431  0.1060E+54  0.5928E+46  0.9298E+44  0.9321E+44
-0.2822  0.1065E+54  0.5912E+46  0.9109E+44  0.9129E+44
-0.2476  0.1068E+54  0.5908E+46  0.9004E+44  0.9023E+44
-0.2043  0.1070E+54  0.5888E+46  0.8880E+44  0.8899E+44
-0.17  0.1071E+54  0.5885E+46  0.8810E+44  0.8829E+44
-0.1278  0.1074E+54  0.5881E+46  0.8758E+44  0.8778E+44
-0.08454  0.1075E+54  0.5875E+46  0.8772E+44  0.8792E+44
-0.04257  0.1076E+54  0.5864E+46  0.8905E+44  0.8926E+44
0.001902  0.1078E+54  0.5861E+46  0.9186E+44  0.9211E+44
0.02715  0.1080E+54  0.5872E+46  0.9360E+44  0.9393E+44
0.05663  0.1082E+54  0.5889E+46  0.9606E+44  0.9626E+44
0.08383  0.1083E+54  0.5892E+46  0.9857E+44  0.9883E+44
0.1128  0.1085E+54  0.5897E+46  0.1018E+45  0.1021E+45
0.1468  0.1086E+54  0.5923E+46  0.1063E+45  0.1067E+45
0.1992  0.1087E+54  0.5948E+46  0.1154E+45  0.1160E+45
0.2713  0.1088E+54  0.6013E+46  0.1329E+45  0.1335E+45
0.3596  0.1086E+54  0.6108E+46  0.1631E+45  0.1643E+45
0.4569  0.1083E+54  0.6271E+46  0.2090E+45  0.2108E+45
0.579  0.1075E+54  0.6546E+46  0.2884E+45  0.2903E+45
0.7677  0.1055E+54  0.7148E+46  0.4653E+45  0.4697E+45
1.116  0.9954E+53  0.2679E+47  0.6060E+47  0.5777E+47
1.494  0.8855E+53  0.2031E+49  0.7396E+49  0.7073E+49
2.004  0.6975E+53  0.4010E+50  0.2140E+51  0.2053E+51
2.548  0.7048E+53  0.1215E+51  0.1254E+52  0.1205E+52
2.925  0.1001E+54  0.1524E+51  0.2549E+52  0.2463E+52
3.281  0.1496E+54  0.1698E+51  0.4013E+52  0.3885E+52
3.657  0.2128E+54  0.1968E+51  0.5581E+52  0.5460E+52
4.114  0.2835E+54  0.2594E+51  0.7421E+52  0.7333E+52
4.617  0.3347E+54  0.3602E+51  0.9063E+52  0.9033E+52
5.126  0.3518E+54  0.4926E+51  0.1026E+53  0.1031E+53
5.647  0.3421E+54  0.6663E+51  0.1104E+53  0.1118E+53
6.186  0.3156E+54  0.8954E+51  0.1140E+53  0.1162E+53
6.702  0.2855E+54  0.1122E+52  0.1136E+53  0.1165E+53
7.218  0.2570E+54  0.1404E+52  0.1175E+53  0.1208E+53
7.731  0.2327E+54  0.1738E+52  0.1244E+53  0.1280E+53
8.259  0.2122E+54  0.2131E+52  0.1329E+53  0.1369E+53
8.784  0.1959E+54  0.2606E+52  0.1446E+53  0.1496E+53
9.309  0.1820E+54  0.3058E+52  0.1533E+53  0.1592E+53
9.857  0.1682E+54  0.3459E+52  0.1568E+53  0.1641E+53
10.42  0.1547E+54  0.3860E+52  0.1607E+53  0.1685E+53
11  0.1414E+54  0.4239E+52  0.1658E+53  0.1749E+53
11.59  0.1299E+54  0.4731E+52  0.1785E+53  0.1889E+53
12.17  0.1203E+54  0.5272E+52  0.1903E+53  0.2023E+53
12.79  0.1102E+54  0.5629E+52  0.1892E+53  0.2031E+53
13.4  0.1010E+54  0.5933E+52  0.1862E+53  0.2016E+53
14.01  0.9374E+53  0.6442E+52  0.1901E+53  0.2070E+53
14.62  0.8806E+53  0.7039E+52  0.1944E+53  0.2128E+53
15.27  0.8299E+53  0.7836E+52  0.2006E+53  0.2208E+53
15.9  0.7903E+53  0.8768E+52  0.2087E+53  0.2310E+53
16.53  0.7486E+53  0.9444E+52  0.2139E+53  0.2382E+53
17.19  0.7069E+53  0.9945E+52  0.2171E+53  0.2431E+53
17.8  0.6696E+53  0.1030E+53  0.2170E+53  0.2447E+53
18.44  0.6333E+53  0.1060E+53  0.2167E+53  0.2458E+53
19.06  0.6003E+53  0.1100E+53  0.2198E+53  0.2504E+53
19.84  0.5637E+53  0.1137E+53  0.2198E+53  0.2516E+53
20.63  0.5304E+53  0.1175E+53  0.2180E+53  0.2515E+53
21.39  0.5040E+53  0.1224E+53  0.2198E+53  0.2549E+53
22.16  0.4835E+53  0.1292E+53  0.2224E+53  0.2583E+53
22.92  0.4668E+53  0.1343E+53  0.2180E+53  0.2546E+53
23.68  0.4523E+53  0.1392E+53  0.2160E+53  0.2522E+53
24.37  0.4392E+53  0.1416E+53  0.2137E+53  0.2500E+53
25.09  0.4257E+53  0.1439E+53  0.2130E+53  0.2486E+53
25.88  0.4109E+53  0.1459E+53  0.2113E+53  0.2458E+53
26.65  0.3991E+53  0.1499E+53  0.2141E+53  0.2474E+53
27.42  0.3888E+53  0.1526E+53  0.2129E+53  0.2442E+53
28.22  0.3782E+53  0.1543E+53  0.2097E+53  0.2391E+53
29.08  0.3668E+53  0.1562E+53  0.2054E+53  0.2322E+53
29.85  0.3593E+53  0.1598E+53  0.2035E+53  0.2280E+53
30.53  0.3551E+53  0.1673E+53  0.2090E+53  0.2320E+53
31.2  0.3517E+53  0.1728E+53  0.2105E+53  0.2313E+53
31.87  0.3439E+53  0.1732E+53  0.2026E+53  0.2214E+53
32.56  0.3381E+53  0.1750E+53  0.2013E+53  0.2182E+53
33.22  0.3347E+53  0.1794E+53  0.2074E+53  0.2226E+53
33.93  0.3329E+53  0.1857E+53  0.2147E+53  0.2286E+53
34.59  0.3318E+53  0.1905E+53  0.2163E+53  0.2296E+53
35.25  0.3301E+53  0.1926E+53  0.2130E+53  0.2250E+53
35.9  0.3283E+53  0.1964E+53  0.2142E+53  0.2251E+53
36.54  0.3259E+53  0.1999E+53  0.2119E+53  0.2222E+53
37.19  0.3232E+53  0.2016E+53  0.2046E+53  0.2141E+53
37.83  0.3192E+53  0.2026E+53  0.1999E+53  0.2086E+53
38.46  0.3155E+53  0.2027E+53  0.1983E+53  0.2061E+53
39.1  0.3140E+53  0.2058E+53  0.2022E+53  0.2095E+53
39.75  0.3136E+53  0.2092E+53  0.2078E+53  0.2147E+53
40.42  0.3123E+53  0.2109E+53  0.2106E+53  0.2172E+53
41.1  0.3103E+53  0.2109E+53  0.2120E+53  0.2180E+53
41.76  0.3078E+53  0.2126E+53  0.2157E+53  0.2219E+53
42.43  0.3069E+53  0.2146E+53  0.2209E+53  0.2268E+53
43.06  0.3056E+53  0.2161E+53  0.2247E+53  0.2305E+53
43.7  0.3044E+53  0.2184E+53  0.2307E+53  0.2368E+53
44.38  0.3028E+53  0.2206E+53  0.2373E+53  0.2429E+53
45.08  0.3019E+53  0.2232E+53  0.2408E+53  0.2468E+53
45.79  0.3017E+53  0.2256E+53  0.2412E+53  0.2469E+53
46.5  0.3010E+53  0.2277E+53  0.2382E+53  0.2440E+53
47.21  0.3001E+53  0.2296E+53  0.2351E+53  0.2412E+53
47.92  0.2999E+53  0.2321E+53  0.2339E+53  0.2398E+53
48.64  0.2982E+53  0.2328E+53  0.2306E+53  0.2363E+53
49.35  0.2978E+53  0.2343E+53  0.2296E+53  0.2349E+53
50.07  0.2970E+53  0.2364E+53  0.2289E+53  0.2346E+53
50.79  0.2968E+53  0.2385E+53  0.2278E+53  0.2334E+53
51.5  0.2987E+53  0.2430E+53  0.2302E+53  0.2358E+53
52.21  0.2992E+53  0.2461E+53  0.2279E+53  0.2336E+53
52.92  0.2996E+53  0.2487E+53  0.2246E+53  0.2299E+53
53.64  0.3019E+53  0.2547E+53  0.2307E+53  0.2361E+53
54.36  0.3036E+53  0.2588E+53  0.2368E+53  0.2425E+53
55.1  0.3036E+53  0.2608E+53  0.2360E+53  0.2417E+53
55.86  0.3055E+53  0.2656E+53  0.2371E+53  0.2427E+53
56.64  0.3070E+53  0.2704E+53  0.2363E+53  0.2419E+53
57.41  0.3086E+53  0.2723E+53  0.2343E+53  0.2397E+53
58.2  0.3079E+53  0.2699E+53  0.2255E+53  0.2309E+53
58.99  0.3067E+53  0.2689E+53  0.2209E+53  0.2261E+53
59.78  0.3067E+53  0.2689E+53  0.2200E+53  0.2248E+53
60.59  0.3072E+53  0.2692E+53  0.2191E+53  0.2240E+53
61.39  0.3077E+53  0.2719E+53  0.2189E+53  0.2238E+53
62.2  0.3089E+53  0.2749E+53  0.2179E+53  0.2230E+53
63  0.3092E+53  0.2758E+53  0.2174E+53  0.2222E+53
63.82  0.3076E+53  0.2756E+53  0.2180E+53  0.2228E+53
64.64  0.3094E+53  0.2796E+53  0.2256E+53  0.2303E+53
65.44  0.3099E+53  0.2810E+53  0.2275E+53  0.2328E+53
66.26  0.3117E+53  0.2830E+53  0.2301E+53  0.2351E+53
67.06  0.3131E+53  0.2852E+53  0.2307E+53  0.2357E+53
67.88  0.3181E+53  0.2942E+53  0.2376E+53  0.2433E+53
68.72  0.3208E+53  0.2969E+53  0.2322E+53  0.2376E+53
69.54  0.3199E+53  0.2960E+53  0.2238E+53  0.2287E+53
70.36  0.3221E+53  0.3007E+53  0.2228E+53  0.2278E+53
71.18  0.3242E+53  0.3033E+53  0.2182E+53  0.2232E+53
72.03  0.3228E+53  0.3002E+53  0.2134E+53  0.2178E+53
72.89  0.3234E+53  0.3007E+53  0.2146E+53  0.2193E+53
73.73  0.3262E+53  0.3051E+53  0.2172E+53  0.2217E+53
74.64  0.3271E+53  0.3069E+53  0.2136E+53  0.2186E+53
75.53  0.3291E+53  0.3077E+53  0.2085E+53  0.2134E+53
76.37  0.3299E+53  0.3076E+53  0.2022E+53  0.2066E+53
77.21  0.3290E+53  0.3037E+53  0.1952E+53  0.1995E+53
78  0.3291E+53  0.3013E+53  0.1949E+53  0.1990E+53
78.8  0.3298E+53  0.3017E+53  0.1972E+53  0.2016E+53
79.61  0.3303E+53  0.3036E+53  0.1996E+53  0.2035E+53
80.4  0.3308E+53  0.3029E+53  0.1989E+53  0.2033E+53
81.18  0.3306E+53  0.3022E+53  0.1983E+53  0.2027E+53
82.01  0.3305E+53  0.3046E+53  0.2020E+53  0.2063E+53
82.83  0.3324E+53  0.3076E+53  0.2098E+53  0.2138E+53
83.7  0.3334E+53  0.3094E+53  0.2169E+53  0.2209E+53
84.58  0.3338E+53  0.3105E+53  0.2181E+53  0.2227E+53
85.49  0.3337E+53  0.3093E+53  0.2165E+53  0.2210E+53
86.36  0.3323E+53  0.3090E+53  0.2161E+53  0.2208E+53
87.22  0.3318E+53  0.3094E+53  0.2210E+53  0.2255E+53
88.08  0.3325E+53  0.3122E+53  0.2237E+53  0.2281E+53
88.95  0.3340E+53  0.3158E+53  0.2241E+53  0.2290E+53
89.81  0.3338E+53  0.3120E+53  0.2109E+53  0.2159E+53
90.7  0.3366E+53  0.3155E+53  0.2039E+53  0.2086E+53
91.55  0.3377E+53  0.3171E+53  0.1989E+53  0.2032E+53
92.41  0.3408E+53  0.3222E+53  0.2023E+53  0.2068E+53
93.28  0.3447E+53  0.3263E+53  0.2155E+53  0.2196E+53
94.13  0.3469E+53  0.3276E+53  0.2247E+53  0.2291E+53
94.94  0.3474E+53  0.3274E+53  0.2254E+53  0.2301E+53
95.8  0.3443E+53  0.3213E+53  0.2163E+53  0.2213E+53
96.7  0.3408E+53  0.3174E+53  0.2118E+53  0.2167E+53
97.6  0.3409E+53  0.3185E+53  0.2141E+53  0.2186E+53
98.44  0.3438E+53  0.3223E+53  0.2157E+53  0.2207E+53
99.32  0.3447E+53  0.3225E+53  0.2117E+53  0.2164E+53
100.2  0.3478E+53  0.3269E+53  0.2074E+53  0.2126E+53
101.1  0.3488E+53  0.3304E+53  0.1990E+53  0.2038E+53
102  0.3534E+53  0.3363E+53  0.1969E+53  0.2016E+53
102.9  0.3594E+53  0.3409E+53  0.1932E+53  0.1978E+53
103.7  0.3634E+53  0.3400E+53  0.1879E+53  0.1923E+53
104.7  0.3663E+53  0.3398E+53  0.1848E+53  0.1891E+53
105.6  0.3683E+53  0.3393E+53  0.1812E+53  0.1856E+53
106.5  0.3665E+53  0.3354E+53  0.1742E+53  0.1783E+53
107.4  0.3661E+53  0.3344E+53  0.1722E+53  0.1762E+53
108.3  0.3691E+53  0.3384E+53  0.1771E+53  0.1810E+53
109.2  0.3720E+53  0.3415E+53  0.1808E+53  0.1848E+53
110.1  0.3713E+53  0.3409E+53  0.1795E+53  0.1832E+53
111  0.3700E+53  0.3393E+53  0.1753E+53  0.1793E+53
111.9  0.3729E+53  0.3427E+53  0.1756E+53  0.1795E+53
112.8  0.3774E+53  0.3478E+53  0.1801E+53  0.1840E+53
113.7  0.3830E+53  0.3519E+53  0.1827E+53  0.1867E+53
114.6  0.3837E+53  0.3507E+53  0.1830E+53  0.1868E+53
115.5  0.3825E+53  0.3493E+53  0.1838E+53  0.1877E+53
116.4  0.3811E+53  0.3486E+53  0.1846E+53  0.1888E+53
117.3  0.3793E+53  0.3460E+53  0.1846E+53  0.1882E+53
118.1  0.3752E+53  0.3396E+53  0.1799E+53  0.1837E+53
119  0.3712E+53  0.3362E+53  0.1782E+53  0.1818E+53
120.9  0.3699E+53  0.3403E+53  0.1795E+53  0.1831E+53
123.1  0.3756E+53  0.3470E+53  0.1806E+53  0.1842E+53
125  0.3731E+53  0.3494E+53  0.1858E+53  0.1898E+53
127  0.3677E+53  0.3432E+53  0.1826E+53  0.1863E+53
129  0.3629E+53  0.3357E+53  0.1785E+53  0.1820E+53
131.1  0.3636E+53  0.3408E+53  0.1821E+53  0.1860E+53
133.3  0.3604E+53  0.3379E+53  0.1779E+53  0.1816E+53
135.2  0.3590E+53  0.3381E+53  0.1730E+53  0.1767E+53
137.2  0.3609E+53  0.3403E+53  0.1758E+53  0.1794E+53
139.2  0.3646E+53  0.3493E+53  0.1928E+53  0.1967E+53
141.2  0.3620E+53  0.3460E+53  0.1874E+53  0.1913E+53
143.2  0.3608E+53  0.3450E+53  0.1872E+53  0.1913E+53
144.9  0.3619E+53  0.3447E+53  0.1814E+53  0.1854E+53
146.7  0.3642E+53  0.3464E+53  0.1791E+53  0.1831E+53
148.6  0.3652E+53  0.3475E+53  0.1763E+53  0.1801E+53
150.6  0.3669E+53  0.3488E+53  0.1794E+53  0.1831E+53
152.6  0.3655E+53  0.3437E+53  0.1713E+53  0.1748E+53
154.4  0.3658E+53  0.3409E+53  0.1723E+53  0.1758E+53
156.1  0.3690E+53  0.3459E+53  0.1767E+53  0.1805E+53
157.9  0.3718E+53  0.3485E+53  0.1722E+53  0.1758E+53
159.5  0.3766E+53  0.3505E+53  0.1684E+53  0.1718E+53
161.1  0.3829E+53  0.3545E+53  0.1675E+53  0.1708E+53
162.7  0.3819E+53  0.3503E+53  0.1647E+53  0.1683E+53
164.3  0.3808E+53  0.3501E+53  0.1650E+53  0.1686E+53
165.8  0.3818E+53  0.3522E+53  0.1674E+53  0.1708E+53
167.4  0.3846E+53  0.3584E+53  0.1700E+53  0.1734E+53
169.1  0.3899E+53  0.3634E+53  0.1697E+53  0.1731E+53
170.7  0.3907E+53  0.3627E+53  0.1664E+53  0.1698E+53
172.5  0.3895E+53  0.3608E+53  0.1656E+53  0.1688E+53
173.9  0.3899E+53  0.3612E+53  0.1671E+53  0.1703E+53
175.4  0.3860E+53  0.3564E+53  0.1633E+53  0.1666E+53
176.6  0.3833E+53  0.3525E+53  0.1613E+53  0.1644E+53
178  0.3787E+53  0.3481E+53  0.1603E+53  0.1636E+53
179.8  0.3717E+53  0.3412E+53  0.1660E+53  0.1692E+53
181.2  0.3690E+53  0.3401E+53  0.1683E+53  0.1716E+53
182.7  0.3681E+53  0.3400E+53  0.1650E+53  0.1682E+53
184.1  0.3703E+53  0.3446E+53  0.1722E+53  0.1755E+53
185.7  0.3671E+53  0.3421E+53  0.1744E+53  0.1776E+53
187.2  0.3661E+53  0.3415E+53  0.1757E+53  0.1792E+53
188.6  0.3658E+53  0.3427E+53  0.1758E+53  0.1793E+53
190  0.3692E+53  0.3458E+53  0.1774E+53  0.1809E+53
191.6  0.3692E+53  0.3449E+53  0.1745E+53  0.1778E+53
193  0.3672E+53  0.3429E+53  0.1772E+53  0.1805E+53
194.2  0.3672E+53  0.3433E+53  0.1757E+53  0.1791E+53
195.9  0.3675E+53  0.3436E+53  0.1664E+53  0.1697E+53
197.3  0.3661E+53  0.3415E+53  0.1611E+53  0.1643E+53
198.6  0.3662E+53  0.3421E+53  0.1609E+53  0.1641E+53
199.7  0.3674E+53  0.3421E+53  0.1609E+53  0.1642E+53
201.1  0.3650E+53  0.3401E+53  0.1660E+53  0.1691E+53
202.4  0.3642E+53  0.3393E+53  0.1670E+53  0.1699E+53
203.6  0.3612E+53  0.3351E+53  0.1655E+53  0.1686E+53
204.8  0.3591E+53  0.3319E+53  0.1639E+53  0.1669E+53
206.2  0.3592E+53  0.3337E+53  0.1644E+53  0.1677E+53
207.5  0.3605E+53  0.3379E+53  0.1667E+53  0.1700E+53
208.8  0.3612E+53  0.3383E+53  0.1664E+53  0.1696E+53
209.9  0.3615E+53  0.3386E+53  0.1715E+53  0.1747E+53
211.1  0.3609E+53  0.3382E+53  0.1777E+53  0.1810E+53
212.1  0.3601E+53  0.3387E+53  0.1808E+53  0.1842E+53
213.2  0.3613E+53  0.3401E+53  0.1817E+53  0.1850E+53
214.3  0.3606E+53  0.3402E+53  0.1811E+53  0.1846E+53
215.5  0.3614E+53  0.3413E+53  0.1863E+53  0.1898E+53
216.6  0.3610E+53  0.3417E+53  0.1889E+53  0.1926E+53
217.7  0.3598E+53  0.3418E+53  0.1940E+53  0.1978E+53
218.5  0.3586E+53  0.3418E+53  0.1964E+53  0.2006E+53
219.7  0.3580E+53  0.3415E+53  0.1958E+53  0.1998E+53
221  0.3580E+53  0.3414E+53  0.1961E+53  0.2000E+53
222  0.3587E+53  0.3429E+53  0.1980E+53  0.2020E+53
223  0.3582E+53  0.3429E+53  0.1972E+53  0.2012E+53
224.2  0.3586E+53  0.3424E+53  0.1962E+53  0.2002E+53
225.2  0.3593E+53  0.3423E+53  0.1960E+53  0.1998E+53
226.4  0.3602E+53  0.3434E+53  0.1958E+53  0.1995E+53
227.4  0.3618E+53  0.3443E+53  0.1955E+53  0.1993E+53
228.4  0.3628E+53  0.3449E+53  0.1953E+53  0.1993E+53
229.3  0.3631E+53  0.3470E+53  0.1968E+53  0.2007E+53
230.4  0.3652E+53  0.3499E+53  0.2007E+53  0.2043E+53
231.4  0.3646E+53  0.3492E+53  0.1997E+53  0.2037E+53
232.4  0.3641E+53  0.3477E+53  0.1907E+53  0.1947E+53
233.4  0.3632E+53  0.3448E+53  0.1810E+53  0.1849E+53
234.3  0.3637E+53  0.3454E+53  0.1803E+53  0.1839E+53
235.3  0.3635E+53  0.3439E+53  0.1777E+53  0.1813E+53
236.2  0.3638E+53  0.3412E+53  0.1754E+53  0.1787E+53
237  0.3628E+53  0.3388E+53  0.1728E+53  0.1761E+53
237.8  0.3622E+53  0.3371E+53  0.1701E+53  0.1736E+53
238.7  0.3624E+53  0.3376E+53  0.1701E+53  0.1736E+53
239.7  0.3625E+53  0.3384E+53  0.1711E+53  0.1745E+53
240.4  0.3616E+53  0.3374E+53  0.1683E+53  0.1717E+53
241.3  0.3621E+53  0.3365E+53  0.1638E+53  0.1667E+53
242.2  0.3609E+53  0.3334E+53  0.1614E+53  0.1648E+53
243.2  0.3602E+53  0.3338E+53  0.1620E+53  0.1649E+53
244.2  0.3603E+53  0.3340E+53  0.1600E+53  0.1632E+53
245.1  0.3583E+53  0.3313E+53  0.1579E+53  0.1610E+53
245.9  0.3566E+53  0.3300E+53  0.1556E+53  0.1584E+53
246.8  0.3550E+53  0.3283E+53  0.1529E+53  0.1558E+53
247.6  0.3535E+53  0.3250E+53  0.1510E+53  0.1537E+53
248.5  0.3526E+53  0.3237E+53  0.1504E+53  0.1534E+53
249.3  0.3504E+53  0.3217E+53  0.1492E+53  0.1523E+53
250  0.3470E+53  0.3176E+53  0.1479E+53  0.1504E+53
250.8  0.3461E+53  0.3173E+53  0.1487E+53  0.1515E+53
251.6  0.3445E+53  0.3173E+53  0.1489E+53  0.1516E+53
252.3  0.3445E+53  0.3170E+53  0.1484E+53  0.1513E+53
253  0.3440E+53  0.3168E+53  0.1481E+53  0.1512E+53
253.9  0.3433E+53  0.3169E+53  0.1481E+53  0.1507E+53
254.6  0.3427E+53  0.3161E+53  0.1474E+53  0.1505E+53
255.5  0.3420E+53  0.3151E+53  0.1470E+53  0.1497E+53
256.2  0.3406E+53  0.3146E+53  0.1468E+53  0.1494E+53
257  0.3399E+53  0.3137E+53  0.1462E+53  0.1491E+53
257.7  0.3392E+53  0.3130E+53  0.1459E+53  0.1488E+53
258.4  0.3387E+53  0.3127E+53  0.1458E+53  0.1484E+53
259.1  0.3372E+53  0.3112E+53  0.1451E+53  0.1478E+53
259.8  0.3404E+53  0.3158E+53  0.1454E+53  0.1481E+53
260.5  0.3394E+53  0.3150E+53  0.1449E+53  0.1478E+53
261.2  0.3388E+53  0.3146E+53  0.1448E+53  0.1474E+53
262  0.3381E+53  0.3138E+53  0.1445E+53  0.1471E+53
262.6  0.3374E+53  0.3129E+53  0.1438E+53  0.1468E+53
263.4  0.3360E+53  0.3118E+53  0.1436E+53  0.1461E+53
264  0.3353E+53  0.3111E+53  0.1433E+53  0.1458E+53
264.7  0.3357E+53  0.3119E+53  0.1434E+53  0.1461E+53
265.4  0.3363E+53  0.3127E+53  0.1434E+53  0.1461E+53
266  0.3361E+53  0.3123E+53  0.1430E+53  0.1457E+53
266.7  0.3356E+53  0.3123E+53  0.1428E+53  0.1457E+53
267.4  0.3351E+53  0.3113E+53  0.1405E+53  0.1430E+53
268  0.3348E+53  0.3101E+53  0.1381E+53  0.1405E+53
268.8  0.3339E+53  0.3097E+53  0.1367E+53  0.1392E+53
269.4  0.3339E+53  0.3095E+53  0.1360E+53  0.1388E+53
270  0.3332E+53  0.3085E+53  0.1354E+53  0.1379E+53
270.7  0.3322E+53  0.3071E+53  0.1348E+53  0.1372E+53
271.3  0.3318E+53  0.3068E+53  0.1345E+53  0.1370E+53
272  0.3313E+53  0.3067E+53  0.1344E+53  0.1369E+53
272.7  0.3304E+53  0.3059E+53  0.1333E+53  0.1358E+53
273.3  0.3303E+53  0.3061E+53  0.1334E+53  0.1359E+53
273.9  0.3301E+53  0.3062E+53  0.1340E+53  0.1363E+53
274.5  0.3296E+53  0.3050E+53  0.1338E+53  0.1363E+53
275.1  0.3287E+53  0.3041E+53  0.1341E+53  0.1364E+53
275.7  0.3283E+53  0.3040E+53  0.1343E+53  0.1369E+53
276.3  0.3280E+53  0.3045E+53  0.1352E+53  0.1375E+53
277.1  0.3264E+53  0.3049E+53  0.1361E+53  0.1384E+53
277.8  0.3321E+53  0.3134E+53  0.1419E+53  0.1445E+53
278.5  0.3368E+53  0.3221E+53  0.1461E+53  0.1489E+53
279.2  0.3400E+53  0.3277E+53  0.1477E+53  0.1506E+53
280  0.3407E+53  0.3276E+53  0.1476E+53  0.1503E+53
280.7  0.3415E+53  0.3280E+53  0.1489E+53  0.1516E+53
281.4  0.3415E+53  0.3272E+53  0.1488E+53  0.1515E+53
282.1  0.3413E+53  0.3267E+53  0.1481E+53  0.1508E+53
282.8  0.3418E+53  0.3260E+53  0.1478E+53  0.1504E+53
283.5  0.3408E+53  0.3250E+53  0.1474E+53  0.1501E+53
284.1  0.3406E+53  0.3244E+53  0.1468E+53  0.1495E+53
284.8  0.3403E+53  0.3237E+53  0.1466E+53  0.1492E+53
285.5  0.3405E+53  0.3234E+53  0.1465E+53  0.1491E+53
286.1  0.3402E+53  0.3229E+53  0.1479E+53  0.1504E+53
286.7  0.3400E+53  0.3226E+53  0.1492E+53  0.1517E+53
287.4  0.3397E+53  0.3224E+53  0.1500E+53  0.1525E+53
288.2  0.3395E+53  0.3224E+53  0.1499E+53  0.1525E+53
288.8  0.3392E+53  0.3223E+53  0.1495E+53  0.1524E+53
289.6  0.3388E+53  0.3219E+53  0.1494E+53  0.1519E+53
290.2  0.3388E+53  0.3226E+53  0.1504E+53  0.1529E+53
290.8  0.3392E+53  0.3241E+53  0.1529E+53  0.1553E+53
291.5  0.3394E+53  0.3245E+53  0.1539E+53  0.1566E+53
292.2  0.3391E+53  0.3243E+53  0.1539E+53  0.1567E+53
292.9  0.3385E+53  0.3236E+53  0.1538E+53  0.1565E+53
293.7  0.3373E+53  0.3224E+53  0.1530E+53  0.1557E+53
294.4  0.3377E+53  0.3222E+53  0.1549E+53  0.1576E+53
295.2  0.3373E+53  0.3219E+53  0.1603E+53  0.1630E+53
296  0.3356E+53  0.3211E+53  0.1626E+53  0.1655E+53
296.7  0.3349E+53  0.3206E+53  0.1627E+53  0.1656E+53
297.5  0.3347E+53  0.3210E+53  0.1626E+53  0.1654E+53
298.2  0.3337E+53  0.3199E+53  0.1622E+53  0.1650E+53
299  0.3340E+53  0.3200E+53  0.1620E+53  0.1648E+53
299.8  0.3340E+53  0.3201E+53  0.1618E+53  0.1646E+53
300.5  0.3342E+53  0.3200E+53  0.1612E+53  0.1641E+53
301.2  0.3339E+53  0.3199E+53  0.1613E+53  0.1643E+53
301.9  0.3339E+53  0.3199E+53  0.1648E+53  0.1675E+53
302.6  0.3335E+53  0.3195E+53  0.1677E+53  0.1706E+53
303.3  0.3332E+53  0.3196E+53  0.1681E+53  0.1711E+53
304  0.3326E+53  0.3194E+53  0.1682E+53  0.1711E+53
304.7  0.3325E+53  0.3194E+53  0.1676E+53  0.1708E+53
305.4  0.3321E+53  0.3191E+53  0.1675E+53  0.1704E+53
306.1  0.3319E+53  0.3185E+53  0.1672E+53  0.1701E+53
306.9  0.3318E+53  0.3183E+53  0.1666E+53  0.1700E+53
307.6  0.3317E+53  0.3182E+53  0.1665E+53  0.1694E+53
308.3  0.3315E+53  0.3180E+53  0.1661E+53  0.1690E+53
309  0.3315E+53  0.3175E+53  0.1657E+53  0.1687E+53
309.8  0.3315E+53  0.3176E+53  0.1655E+53  0.1684E+53
310.5  0.3313E+53  0.3174E+53  0.1653E+53  0.1682E+53
311.2  0.3311E+53  0.3172E+53  0.1647E+53  0.1677E+53
311.9  0.3310E+53  0.3172E+53  0.1646E+53  0.1674E+53
312.6  0.3310E+53  0.3172E+53  0.1644E+53  0.1672E+53
313.3  0.3310E+53  0.3166E+53  0.1638E+53  0.1670E+53
314  0.3307E+53  0.3166E+53  0.1635E+53  0.1665E+53
314.7  0.3309E+53  0.3166E+53  0.1635E+53  0.1664E+53
315.4  0.3306E+53  0.3164E+53  0.1632E+53  0.1662E+53
316.1  0.3306E+53  0.3163E+53  0.1628E+53  0.1656E+53
316.8  0.3308E+53  0.3162E+53  0.1625E+53  0.1653E+53
317.5  0.3307E+53  0.3161E+53  0.1623E+53  0.1652E+53
318.1  0.3307E+53  0.3161E+53  0.1618E+53  0.1647E+53
318.8  0.3307E+53  0.3157E+53  0.1617E+53  0.1645E+53
319.4  0.3304E+53  0.3156E+53  0.1614E+53  0.1645E+53
320.1  0.3305E+53  0.3156E+53  0.1613E+53  0.1640E+53
320.7  0.3304E+53  0.3156E+53  0.1608E+53  0.1637E+53
321.3  0.3303E+53  0.3154E+53  0.1607E+53  0.1634E+53
321.9  0.3303E+53  0.3154E+53  0.1605E+53  0.1633E+53
322.6  0.3302E+53  0.3154E+53  0.1603E+53  0.1631E+53
323.2  0.3302E+53  0.3153E+53  0.1598E+53  0.1627E+53
323.8  0.3301E+53  0.3153E+53  0.1596E+53  0.1626E+53
324.4  0.3301E+53  0.3152E+53  0.1595E+53  0.1623E+53
325  0.3298E+53  0.3152E+53  0.1594E+53  0.1622E+53
325.6  0.3299E+53  0.3152E+53  0.1589E+53  0.1616E+53
326.2  0.3297E+53  0.3146E+53  0.1586E+53  0.1616E+53
326.9  0.3299E+53  0.3146E+53  0.1585E+53  0.1614E+53
327.6  0.3290E+53  0.3140E+53  0.1579E+53  0.1606E+53
328.3  0.3295E+53  0.3142E+53  0.1575E+53  0.1605E+53
329.1  0.3295E+53  0.3141E+53  0.1574E+53  0.1603E+53
329.8  0.3287E+53  0.3132E+53  0.1572E+53  0.1600E+53
330.6  0.3287E+53  0.3133E+53  0.1568E+53  0.1595E+53
331.4  0.3285E+53  0.3131E+53  0.1567E+53  0.1593E+53
332.1  0.3283E+53  0.3131E+53  0.1564E+53  0.1591E+53
332.9  0.3289E+53  0.3133E+53  0.1562E+53  0.1590E+53
333.6  0.3289E+53  0.3133E+53  0.1556E+53  0.1584E+53
334.3  0.3288E+53  0.3132E+53  0.1555E+53  0.1582E+53
335.1  0.3287E+53  0.3134E+53  0.1553E+53  0.1582E+53
335.8  0.3288E+53  0.3131E+53  0.1549E+53  0.1575E+53
336.5  0.3285E+53  0.3127E+53  0.1546E+53  0.1575E+53
337.2  0.3282E+53  0.3126E+53  0.1546E+53  0.1571E+53
338  0.3282E+53  0.3126E+53  0.1543E+53  0.1570E+53
338.7  0.3281E+53  0.3124E+53  0.1538E+53  0.1566E+53
339.3  0.3279E+53  0.3122E+53  0.1537E+53  0.1564E+53
340  0.3278E+53  0.3121E+53  0.1534E+53  0.1563E+53
340.7  0.3273E+53  0.3118E+53  0.1534E+53  0.1559E+53
341.4  0.3271E+53  0.3116E+53  0.1530E+53  0.1555E+53
342.1  0.3269E+53  0.3114E+53  0.1526E+53  0.1554E+53
342.8  0.3267E+53  0.3112E+53  0.1524E+53  0.1552E+53
343.5  0.3265E+53  0.3110E+53  0.1523E+53  0.1551E+53
344.3  0.3259E+53  0.3103E+53  0.1516E+53  0.1542E+53
345.1  0.3262E+53  0.3105E+53  0.1514E+53  0.1542E+53
345.8  0.3259E+53  0.3102E+53  0.1513E+53  0.1541E+53
346.6  0.3250E+53  0.3094E+53  0.1509E+53  0.1535E+53
347.4  0.3250E+53  0.3096E+53  0.1506E+53  0.1532E+53
348.1  0.3247E+53  0.3093E+53  0.1503E+53  0.1530E+53
348.9  0.3248E+53  0.3093E+53  0.1501E+53  0.1529E+53
349.6  0.3251E+53  0.3094E+53  0.1501E+53  0.1525E+53
350.4  0.3251E+53  0.3093E+53  0.1497E+53  0.1523E+53
351.1  0.3250E+53  0.3094E+53  0.1494E+53  0.1520E+53
351.9  0.3250E+53  0.3093E+53  0.1494E+53  0.1518E+53
352.6  0.3248E+53  0.3091E+53  0.1491E+53  0.1514E+53
353.4  0.3243E+53  0.3089E+53  0.1486E+53  0.1512E+53
354.2  0.3242E+53  0.3086E+53  0.1485E+53  0.1510E+53
354.9  0.3240E+53  0.3086E+53  0.1482E+53  0.1508E+53
355.7  0.3239E+53  0.3081E+53  0.1481E+53  0.1503E+53
356.5  0.3237E+53  0.3081E+53  0.1476E+53  0.1501E+53
357.2  0.3235E+53  0.3079E+53  0.1473E+53  0.1499E+53
357.9  0.3232E+53  0.3078E+53  0.1472E+53  0.1498E+53
358.7  0.3232E+53  0.3073E+53  0.1470E+53  0.1493E+53
359.4  0.3227E+53  0.3071E+53  0.1466E+53  0.1491E+53
360.1  0.3225E+53  0.3073E+53  0.1465E+53  0.1490E+53
360.9  0.3225E+53  0.3070E+53  0.1464E+53  0.1490E+53
361.6  0.3223E+53  0.3068E+53  0.1461E+53  0.1484E+53
362.4  0.3217E+53  0.3062E+53  0.1454E+53  0.1481E+53
363.2  0.3221E+53  0.3064E+53  0.1453E+53  0.1477E+53
364  0.3219E+53  0.3060E+53  0.1453E+53  0.1477E+53
364.8  0.3214E+53  0.3053E+53  0.1445E+53  0.1473E+53
365.5  0.3213E+53  0.3053E+53  0.1444E+53  0.1469E+53
366.3  0.3206E+53  0.3050E+53  0.1442E+53  0.1468E+53
367.1  0.3212E+53  0.3053E+53  0.1441E+53  0.1467E+53
367.9  0.3210E+53  0.3053E+53  0.1440E+53  0.1462E+53
368.6  0.3209E+53  0.3053E+53  0.1435E+53  0.1461E+53
369.4  0.3209E+53  0.3052E+53  0.1433E+53  0.1458E+53
370.2  0.3203E+53  0.3047E+53  0.1431E+53  0.1456E+53
371  0.3202E+53  0.3046E+53  0.1429E+53  0.1452E+53
371.7  0.3200E+53  0.3045E+53  0.1426E+53  0.1450E+53
372.5  0.3199E+53  0.3044E+53  0.1423E+53  0.1449E+53
373.3  0.3198E+53  0.3039E+53  0.1422E+53  0.1448E+53
374  0.3195E+53  0.3038E+53  0.1420E+53  0.1441E+53
374.9  0.3193E+53  0.3036E+53  0.1415E+53  0.1440E+53
375.6  0.3187E+53  0.3036E+53  0.1414E+53  0.1439E+53
376.4  0.3187E+53  0.3031E+53  0.1413E+53  0.1437E+53
377.1  0.3185E+53  0.3029E+53  0.1410E+53  0.1435E+53
377.9  0.3182E+53  0.3028E+53  0.1409E+53  0.1431E+53
378.7  0.3181E+53  0.3028E+53  0.1404E+53  0.1429E+53
379.4  0.3179E+53  0.3023E+53  0.1402E+53  0.1427E+53
380.2  0.3174E+53  0.3021E+53  0.1401E+53  0.1425E+53
380.9  0.3173E+53  0.3021E+53  0.1399E+53  0.1421E+53
381.7  0.3172E+53  0.3021E+53  0.1395E+53  0.1419E+53
382.4  0.3170E+53  0.3019E+53  0.1393E+53  0.1417E+53
383.1  0.3169E+53  0.3015E+53  0.1390E+53  0.1415E+53
383.9  0.3169E+53  0.3015E+53  0.1390E+53  0.1415E+53
384.6  0.3166E+53  0.3014E+53  0.1389E+53  0.1410E+53
385.4  0.3165E+53  0.3012E+53  0.1385E+53  0.1409E+53
386.1  0.3164E+53  0.3012E+53  0.1383E+53  0.1407E+53
386.8  0.3160E+53  0.3009E+53  0.1382E+53  0.1406E+53
387.6  0.3159E+53  0.3007E+53  0.1380E+53  0.1403E+53
388.3  0.3156E+53  0.3006E+53  0.1377E+53  0.1399E+53
389.1  0.3156E+53  0.3006E+53  0.1373E+53  0.1399E+53
389.9  0.3155E+53  0.3004E+53  0.1373E+53  0.1395E+53
390.6  0.3152E+53  0.2999E+53  0.1370E+53  0.1395E+53
391.3  0.3151E+53  0.3000E+53  0.1370E+53  0.1391E+53
392.1  0.3152E+53  0.2999E+53  0.1368E+53  0.1388E+53
392.8  0.3146E+53  0.2998E+53  0.1362E+53  0.1387E+53
393.5  0.3145E+53  0.2997E+53  0.1362E+53  0.1387E+53
394.3  0.3145E+53  0.2996E+53  0.1361E+53  0.1383E+53
395.75  0.3139E+53  0.2989E+53  0.1358E+53  0.1379E+53
395.84  0.3142E+53  0.2992E+53  0.1358E+53  0.1379E+53
396.5  0.3140E+53  0.2991E+53  0.1354E+53  0.1376E+53
397.2  0.3138E+53  0.2989E+53  0.1351E+53  0.1376E+53
398  0.3138E+53  0.2988E+53  0.1350E+53  0.1375E+53
398.7  0.3136E+53  0.2985E+53  0.1349E+53  0.1372E+53
399.4  0.3136E+53  0.2984E+53  0.1348E+53  0.1367E+53
400.1  0.3133E+53  0.2984E+53  0.1343E+53  0.1367E+53
400.8  0.3130E+53  0.2983E+53  0.1343E+53  0.1366E+53
401.6  0.3129E+53  0.2980E+53  0.1340E+53  0.1363E+53
402.3  0.3126E+53  0.2976E+53  0.1338E+53  0.1363E+53
403  0.3126E+53  0.2975E+53  0.1338E+53  0.1358E+53
403.7  0.3125E+53  0.2976E+53  0.1336E+53  0.1357E+53
404.4  0.3122E+53  0.2974E+53  0.1333E+53  0.1355E+53
405.2  0.3117E+53  0.2972E+53  0.1331E+53  0.1354E+53
405.8  0.3117E+53  0.2969E+53  0.1330E+53  0.1353E+53
406.5  0.3116E+53  0.2968E+53  0.1328E+53  0.1348E+53
407.3  0.3114E+53  0.2968E+53  0.1326E+53  0.1347E+53
408  0.3113E+53  0.2966E+53  0.1323E+53  0.1346E+53
408.8  0.3112E+53  0.2966E+53  0.1321E+53  0.1345E+53
409.5  0.3111E+53  0.2963E+53  0.1321E+53  0.1343E+53
410.2  0.3109E+53  0.2961E+53  0.1319E+53  0.1341E+53
410.9  0.3104E+53  0.2960E+53  0.1317E+53  0.1338E+53
411.6  0.3105E+53  0.2959E+53  0.1317E+53  0.1337E+53
412.2  0.3105E+53  0.2961E+53  0.1312E+53  0.1334E+53
412.9  0.3103E+53  0.2959E+53  0.1309E+53  0.1333E+53
413.6  0.3100E+53  0.2956E+53  0.1309E+53  0.1332E+53
414.3  0.3102E+53  0.2954E+53  0.1309E+53  0.1330E+53
414.9  0.3100E+53  0.2954E+53  0.1307E+53  0.1327E+53
415.6  0.3100E+53  0.2953E+53  0.1306E+53  0.1326E+53
416.2  0.3097E+53  0.2952E+53  0.1302E+53  0.1325E+53
416.9  0.3098E+53  0.2951E+53  0.1301E+53  0.1324E+53
417.6  0.3093E+53  0.2951E+53  0.1300E+53  0.1321E+53
418.2  0.3093E+53  0.2947E+53  0.1297E+53  0.1321E+53
418.9  0.3091E+53  0.2947E+53  0.1297E+53  0.1317E+53
419.5  0.3090E+53  0.2946E+53  0.1296E+53  0.1316E+53
420.2  0.3090E+53  0.2945E+53  0.1296E+53  0.1314E+53
420.9  0.3089E+53  0.2947E+53  0.1291E+53  0.1314E+53
421.6  0.3088E+53  0.2945E+53  0.1290E+53  0.1312E+53
422.2  0.3087E+53  0.2941E+53  0.1288E+53  0.1311E+53
422.9  0.3086E+53  0.2940E+53  0.1287E+53  0.1309E+53
423.6  0.3086E+53  0.2939E+53  0.1285E+53  0.1305E+53
424.2  0.3083E+53  0.2939E+53  0.1285E+53  0.1305E+53
424.9  0.3080E+53  0.2939E+53  0.1281E+53  0.1304E+53
425.6  0.3079E+53  0.2937E+53  0.1281E+53  0.1302E+53
426.3  0.3078E+53  0.2933E+53  0.1279E+53  0.1300E+53
427  0.3077E+53  0.2934E+53  0.1278E+53  0.1299E+53
427.7  0.3077E+53  0.2933E+53  0.1276E+53  0.1296E+53
428.4  0.3074E+53  0.2931E+53  0.1275E+53  0.1293E+53
429  0.3076E+53  0.2931E+53  0.1273E+53  0.1293E+53
429.8  0.3073E+53  0.2929E+53  0.1270E+53  0.1293E+53
430.5  0.3072E+53  0.2926E+53  0.1268E+53  0.1291E+53
431.2  0.3067E+53  0.2925E+53  0.1268E+53  0.1288E+53
431.8  0.3067E+53  0.2924E+53  0.1266E+53  0.1288E+53
432.4  0.3066E+53  0.2924E+53  0.1265E+53  0.1284E+53
433.1  0.3067E+53  0.2923E+53  0.1264E+53  0.1284E+53
433.8  0.3064E+53  0.2923E+53  0.1260E+53  0.1283E+53
434.5  0.3064E+53  0.2922E+53  0.1259E+53  0.1280E+53
435.1  0.3063E+53  0.2919E+53  0.1257E+53  0.1280E+53
435.8  0.3062E+53  0.2917E+53  0.1257E+53  0.1278E+53
436.5  0.3061E+53  0.2917E+53  0.1256E+53  0.1278E+53
437.75  0.3054E+53  0.2914E+53  0.1252E+53  0.1272E+53
437.84  0.3055E+53  0.2915E+53  0.1252E+53  0.1271E+53
438.4  0.3054E+53  0.2914E+53  0.1249E+53  0.1272E+53
439.1  0.3055E+53  0.2912E+53  0.1248E+53  0.1270E+53
439.7  0.3054E+53  0.2910E+53  0.1248E+53  0.1270E+53
440.3  0.3053E+53  0.2910E+53  0.1247E+53  0.1268E+53
441  0.3051E+53  0.2910E+53  0.1245E+53  0.1267E+53
441.6  0.3052E+53  0.2909E+53  0.1244E+53  0.1263E+53
442.3  0.3051E+53  0.2909E+53  0.1243E+53  0.1263E+53
442.9  0.3050E+53  0.2907E+53  0.1242E+53  0.1262E+53
443.5  0.3045E+53  0.2904E+53  0.1240E+53  0.1260E+53
444.2  0.3044E+53  0.2901E+53  0.1238E+53  0.1259E+53
444.8  0.3045E+53  0.2904E+53  0.1236E+53  0.1257E+53
445.4  0.3044E+53  0.2903E+53  0.1236E+53  0.1257E+53
446  0.3043E+53  0.2901E+53  0.1235E+53  0.1255E+53
446.7  0.3041E+53  0.2901E+53  0.1234E+53  0.1253E+53
447.3  0.3041E+53  0.2899E+53  0.1231E+53  0.1252E+53
447.9  0.3041E+53  0.2896E+53  0.1231E+53  0.1250E+53
448.6  0.3040E+53  0.2897E+53  0.1230E+53  0.1249E+53
449.2  0.3039E+53  0.2895E+53  0.1228E+53  0.1249E+53
449.8  0.3038E+53  0.2895E+53  0.1226E+53  0.1246E+53
450.4  0.3035E+53  0.2894E+53  0.1224E+53  0.1245E+53
451.1  0.3032E+53  0.2894E+53  0.1223E+53  0.1245E+53
451.7  0.3034E+53  0.2894E+53  0.1223E+53  0.1242E+53
452.3  0.3033E+53  0.2893E+53  0.1222E+53  0.1241E+53
452.9  0.3031E+53  0.2889E+53  0.1221E+53  0.1239E+53
453.5  0.3031E+53  0.2890E+53  0.1218E+53  0.1238E+53
454.1  0.3029E+53  0.2888E+53  0.1218E+53  0.1238E+53
454.7  0.3028E+53  0.2888E+53  0.1215E+53  0.1236E+53
455.3  0.3029E+53  0.2888E+53  0.1215E+53  0.1235E+53
455.9  0.3027E+53  0.2887E+53  0.1213E+53  0.1235E+53
456.5  0.3027E+53  0.2887E+53  0.1212E+53  0.1231E+53
457.1  0.3026E+53  0.2884E+53  0.1210E+53  0.1230E+53
457.7  0.3022E+53  0.2882E+53  0.1210E+53  0.1230E+53
458.3  0.3021E+53  0.2882E+53  0.1209E+53  0.1228E+53
458.8  0.3021E+53  0.2880E+53  0.1208E+53  0.1228E+53
459.4  0.3021E+53  0.2881E+53  0.1208E+53  0.1227E+53
460  0.3019E+53  0.2881E+53  0.1205E+53  0.1225E+53
460.6  0.3019E+53  0.2879E+53  0.1205E+53  0.1224E+53
461.2  0.3018E+53  0.2876E+53  0.1202E+53  0.1223E+53
461.8  0.3016E+53  0.2876E+53  0.1201E+53  0.1222E+53
462.5  0.3013E+53  0.2874E+53  0.1200E+53  0.1220E+53
463.1  0.3012E+53  0.2874E+53  0.1198E+53  0.1217E+53
463.7  0.3011E+53  0.2874E+53  0.1197E+53  0.1217E+53
464.3  0.3010E+53  0.2873E+53  0.1197E+53  0.1216E+53
464.9  0.3010E+53  0.2873E+53  0.1195E+53  0.1215E+53
465.5  0.3010E+53  0.2869E+53  0.1195E+53  0.1215E+53
466.2  0.3009E+53  0.2869E+53  0.1194E+53  0.1213E+53
466.8  0.3008E+53  0.2868E+53  0.1191E+53  0.1211E+53
467.4  0.3006E+53  0.2868E+53  0.1190E+53  0.1210E+53
468  0.3006E+53  0.2868E+53  0.1189E+53  0.1208E+53
468.6  0.3003E+53  0.2866E+53  0.1188E+53  0.1208E+53
469.2  0.3002E+53  0.2866E+53  0.1187E+53  0.1206E+53
469.8  0.3002E+53  0.2863E+53  0.1186E+53  0.1204E+53
470.4  0.3002E+53  0.2863E+53  0.1184E+53  0.1203E+53
471.1  0.3000E+53  0.2863E+53  0.1184E+53  0.1203E+53
471.7  0.3000E+53  0.2862E+53  0.1182E+53  0.1203E+53
472.3  0.2998E+53  0.2861E+53  0.1182E+53  0.1200E+53
472.9  0.2998E+53  0.2860E+53  0.1180E+53  0.1200E+53
473.5  0.2998E+53  0.2861E+53  0.1178E+53  0.1197E+53
474.1  0.2996E+53  0.2858E+53  0.1177E+53  0.1196E+53
474.7  0.2996E+53  0.2857E+53  0.1176E+53  0.1195E+53
475.3  0.2993E+53  0.2857E+53  0.1174E+53  0.1195E+53
475.9  0.2992E+53  0.2855E+53  0.1174E+53  0.1193E+53
476.5  0.2992E+53  0.2855E+53  0.1174E+53  0.1193E+53
477.1  0.2990E+53  0.2855E+53  0.1172E+53  0.1190E+53
477.8  0.2990E+53  0.2853E+53  0.1171E+53  0.1190E+53
478.4  0.2990E+53  0.2855E+53  0.1170E+53  0.1189E+53
479  0.2988E+53  0.2854E+53  0.1169E+53  0.1186E+53
479.6  0.2988E+53  0.2850E+53  0.1167E+53  0.1185E+53
480.2  0.2988E+53  0.2850E+53  0.1167E+53  0.1185E+53
480.8  0.2986E+53  0.2850E+53  0.1164E+53  0.1183E+53
481.4  0.2987E+53  0.2848E+53  0.1163E+53  0.1183E+53
482  0.2983E+53  0.2849E+53  0.1163E+53  0.1182E+53
482.6  0.2982E+53  0.2849E+53  0.1162E+53  0.1180E+53
483.2  0.2981E+53  0.2847E+53  0.1161E+53  0.1180E+53
483.8  0.2983E+53  0.2847E+53  0.1160E+53  0.1179E+53
484.4  0.2980E+53  0.2844E+53  0.1158E+53  0.1177E+53
485  0.2980E+53  0.2843E+53  0.1157E+53  0.1175E+53
485.6  0.2978E+53  0.2842E+53  0.1155E+53  0.1174E+53
486.2  0.2978E+53  0.2843E+53  0.1155E+53  0.1173E+53
486.8  0.2977E+53  0.2842E+53  0.1154E+53  0.1172E+53
487.4  0.2976E+53  0.2841E+53  0.1153E+53  0.1172E+53
488  0.2977E+53  0.2841E+53  0.1150E+53  0.1169E+53
488.6  0.2974E+53  0.2840E+53  0.1150E+53  0.1169E+53
489.2  0.2972E+53  0.2840E+53  0.1149E+53  0.1168E+53
489.8  0.2971E+53  0.2837E+53  0.1149E+53  0.1167E+53
490.4  0.2972E+53  0.2839E+53  0.1148E+53  0.1166E+53
491  0.2970E+53  0.2837E+53  0.1148E+53  0.1164E+53
491.6  0.2971E+53  0.2836E+53  0.1146E+53  0.1164E+53
492.2  0.2970E+53  0.2836E+53  0.1143E+53  0.1162E+53
492.7  0.2969E+53  0.2835E+53  0.1142E+53  0.1161E+53
493.3  0.2969E+53  0.2835E+53  0.1142E+53  0.1160E+53
493.8  0.2969E+53  0.2835E+53  0.1141E+53  0.1159E+53
494.3  0.2968E+53  0.2836E+53  0.1141E+53  0.1159E+53
494.9  0.2968E+53  0.2835E+53  0.1140E+53  0.1158E+53
495.4  0.2967E+53  0.2830E+53  0.1139E+53  0.1158E+53
495.9  0.2965E+53  0.2830E+53  0.1137E+53  0.1156E+53
496.4  0.2964E+53  0.2831E+53  0.1137E+53  0.1155E+53
497  0.2962E+53  0.2828E+53  0.1136E+53  0.1153E+53
497.5  0.2962E+53  0.2828E+53  0.1136E+53  0.1152E+53
498  0.2962E+53  0.2829E+53  0.1135E+53  0.1152E+53
498.6  0.2960E+53  0.2829E+53  0.1132E+53  0.1151E+53
499.1  0.2961E+53  0.2828E+53  0.1132E+53  0.1150E+53
499.6  0.2960E+53  0.2828E+53  0.1130E+53  0.1150E+53
