   0.100    2.141129272153e-46    7.790350004298e-47
   0.200    6.978956001855e-46    2.179347749065e-46
   0.300    1.323598141641e-45    3.735610414316e-46
   0.400    2.032590382457e-45    5.338483367858e-46
   0.500    2.794468326050e-45    6.955200940287e-46
   0.600    3.591962923230e-45    8.574600121452e-46
   0.700    4.414560394048e-45    1.019270125116e-45
   0.800    5.255501719135e-45    1.180816853969e-45
   0.900    6.110247502191e-45    1.342069316277e-45
   1.000    6.975637598122e-45    1.503036662600e-45
   1.100    7.849405274262e-45    1.663742526625e-45
   1.200    8.729882890202e-45    1.824214317046e-45
   1.300    9.615816264596e-45    1.984478728591e-45
   1.400    1.050624479178e-44    2.144560213451e-45
   1.500    1.140041960163e-44    2.304480285472e-45
   1.600    1.229774930059e-44    2.464257810873e-45
   1.700    1.319775982410e-44    2.623909015864e-45
   1.800    1.410006740270e-44    2.783447967166e-45
   1.900    1.500435760314e-44    2.942886758805e-45
   2.000    1.591037078794e-44    3.102235892099e-45
   2.100    1.681789041236e-44    3.261504447879e-45
   2.200    1.772673470768e-44    3.420700351640e-45
   2.300    1.863674922115e-44    3.579830402309e-45
   2.400    1.954780371132e-44    3.738900792776e-45
   2.500    2.045978477887e-44    3.897916643144e-45
   2.600    2.137259610557e-44    4.056882724664e-45
   2.700    2.228615404877e-44    4.215803221474e-45
   2.800    2.320038446011e-44    4.374681617736e-45
   2.900    2.411522406153e-44    4.533521293992e-45
   3.000    2.503061701604e-44    4.692325223131e-45
   3.100    2.594651308886e-44    4.851095899334e-45
   3.200    2.686286908755e-44    5.009835783782e-45
   3.300    2.777964501129e-44    5.168546817544e-45
   3.400    2.869680681020e-44    5.327231028320e-45
   3.500    2.961432353615e-44    5.485890166489e-45
   3.600    3.053216675922e-44    5.644525709571e-45
   3.700    3.145031220218e-44    5.803139218664e-45
   3.800    3.236873629124e-44    5.961731838477e-45
   3.900    3.328741928839e-44    6.120304878059e-45
   4.000    3.420634265314e-44    6.278859427845e-45
   4.100    3.512548851299e-44    6.437396321340e-45
   4.200    3.604484292493e-44    6.595916707340e-45
   4.300    3.696439105901e-44    6.754421298411e-45
   4.400    3.788412093736e-44    6.912911010455e-45
   4.500    3.880402014621e-44    7.071386455691e-45
   4.600    3.972407722602e-44    7.229848192551e-45
   4.700    4.064428317412e-44    7.388296986936e-45
   4.800    4.156462940045e-44    7.546733500193e-45
   4.900    4.248510664907e-44    7.705158133773e-45
   5.000    4.340570738166e-44    7.863571425415e-45
   5.100    4.432642451529e-44    8.021973859248e-45
   5.200    4.524725129697e-44    8.180365857348e-45
   5.300    4.616818139025e-44    8.338747803793e-45
   5.400    4.708921042365e-44    8.497120298353e-45
   5.500    4.801033058637e-44    8.655483310067e-45
   5.600    4.893153923031e-44    8.813837544096e-45
   5.700    4.985282968779e-44    8.972182998506e-45
   5.800    5.077419991633e-44    9.130520332357e-45
   5.900    5.169564343071e-44    9.288849444928e-45
   6.000    5.261715819066e-44    9.447170876535e-45
   6.100    5.353874047099e-44    9.605484850461e-45
   6.200    5.446038774550e-44    9.763791728965e-45
   6.300    5.538209412622e-44    9.922091305511e-45
   6.400    5.630385803482e-44    1.008038400496e-44
   6.500    5.722567811731e-44    1.023867024763e-44
   6.600    5.814755023668e-44    1.039694998554e-44
   6.700    5.906947291016e-44    1.055522355019e-44
   6.800    5.999144231612e-44    1.071349087983e-44
   6.900    6.091345857627e-44    1.087175249478e-44
   7.000    6.183551847669e-44    1.103000837216e-44
   7.100    6.275761894951e-44    1.118825848769e-44
   7.200    6.367975889560e-44    1.134650309793e-44
   7.300    6.460193744434e-44    1.150474247253e-44
   7.400    6.552415350724e-44    1.166297682679e-44
   7.500    6.644640340234e-44    1.182120595852e-44
   7.600    6.736868736596e-44    1.197943025018e-44
   7.700    6.829100169503e-44    1.213764946275e-44
   7.800    6.921334932546e-44    1.229586435956e-44
   7.900    7.013572381427e-44    1.245407425192e-44
   8.000    7.105812785935e-44    1.261227983746e-44
   8.100    7.198055783418e-44    1.277048083279e-44
   8.200    7.290301599824e-44    1.292867784178e-44
   8.300    7.382549687006e-44    1.308687027479e-44
   8.400    7.474800391110e-44    1.324505889596e-44
   8.500    7.567053348672e-44    1.340324337678e-44
   8.600    7.659308469726e-44    1.356142379634e-44
   8.700    7.751565639720e-44    1.371960018723e-44
   8.800    7.843825166002e-44    1.387777321425e-44
   8.900    7.936086078730e-44    1.403594159387e-44
   9.000    8.028349474368e-44    1.419410717255e-44
   9.100    8.120614463110e-44    1.435226877399e-44
   9.200    8.212881219708e-44    1.451042683070e-44
   9.300    8.305149649313e-44    1.466858135953e-44
   9.400    8.397419595280e-44    1.482673227768e-44
   9.500    8.489691420827e-44    1.498488028260e-44
   9.600    8.581964706171e-44    1.514302488157e-44
   9.700    8.674239142483e-44    1.530116574540e-44
   9.800    8.766515245067e-44    1.545930378419e-44
   9.900    8.858792524124e-44    1.561743838541e-44
  10.000    8.951071380587e-44    1.577557027590e-44
  10.100    9.043351385466e-44    1.593369892643e-44
  10.200    9.135632600052e-44    1.609182454297e-44
  10.300    9.227915106723e-44    1.624994735878e-44
  10.400    9.320198640444e-44    1.640806708048e-44
  10.500    9.412483104460e-44    1.656618366467e-44
  10.600    9.504768778128e-44    1.672429762960e-44
  10.700    9.597055461589e-44    1.688240876968e-44
  10.800    9.689343107218e-44    1.704051710510e-44
  10.900    9.781631878194e-44    1.719862296921e-44
  11.000    9.873921075027e-44    1.735672539851e-44
  11.100    9.966211889554e-44    1.751482626286e-44
  11.200    1.005850299375e-43    1.767292365160e-44
  11.300    1.015079519623e-43    1.783101885403e-44
  11.400    1.024308830048e-43    1.798911165051e-44
  11.500    1.033538181177e-43    1.814720137345e-44
  11.600    1.042767637346e-43    1.830528905584e-44
  11.700    1.051997144032e-43    1.846337395039e-44
  11.800    1.061226743815e-43    1.862145675973e-44
  11.900    1.070456398234e-43    1.877953697306e-44
  12.000    1.079686127901e-43    1.893761496047e-44
  12.100    1.088915898063e-43    1.909569026346e-44
  12.200    1.098145733680e-43    1.925376331318e-44
  12.300    1.107375643838e-43    1.941183430179e-44
  12.400    1.116605602651e-43    1.956990289831e-44
  12.500    1.125835635466e-43    1.972796953404e-44
  12.600    1.135065695348e-43    1.988603356165e-44
  12.700    1.144295818893e-43    2.004409557689e-44
  12.800    1.153526004937e-43    2.020215561137e-44
  12.900    1.162756189260e-43    2.036021275721e-44
  13.000    1.171986480586e-43    2.051826867854e-44
  13.100    1.181216789506e-43    2.067632209036e-44
  13.200    1.190447137657e-43    2.083437335855e-44
  13.300    1.199677540305e-43    2.099242275278e-44
  13.400    1.208907952715e-43    2.115046965004e-44
  13.500    1.218138456194e-43    2.130851529849e-44
  13.600    1.227368952500e-43    2.146655827869e-44
  13.700    1.236599494501e-43    2.162459941417e-44
  13.800    1.245830112746e-43    2.178263919538e-44
  13.900    1.255060732181e-43    2.194067654530e-44
  14.000    1.264291364823e-43    2.209871167810e-44
  14.100    1.273522074008e-43    2.225674556739e-44
  14.200    1.282752792254e-43    2.241477724658e-44
  14.300    1.291983530631e-43    2.257280691290e-44
  14.400    1.301214291015e-43    2.273083462646e-44
  14.500    1.310445096784e-43    2.288886076481e-44
  14.600    1.319675946692e-43    2.304688533992e-44
  14.700    1.328906809834e-43    2.320490792429e-44
  14.800    1.338137659231e-43    2.336292814822e-44
  14.900    1.347368583651e-43    2.352094735330e-44
  15.000    1.356599504501e-43    2.367896440497e-44
  15.100    1.365830436524e-43    2.383697954863e-44
  15.200    1.375061434014e-43    2.399499361324e-44
  15.300    1.384292396241e-43    2.415300513632e-44
  15.400    1.393523407499e-43    2.431101538878e-44
  15.500    1.402754446874e-43    2.446902408634e-44
  15.600    1.411985490257e-43    2.462703089734e-44
  15.700    1.421216559911e-43    2.478503617422e-44
  15.800    1.430447635605e-43    2.494303964164e-44
  15.900    1.439678746431e-43    2.510104175156e-44
  16.000    1.448909883153e-43    2.525904238985e-44
  16.100    1.458140960585e-43    2.541704032221e-44
  16.200    1.467372105848e-43    2.557503744450e-44
  16.300    1.476603287331e-43    2.573303331120e-44
  16.400    1.485834489364e-43    2.589102771162e-44
  16.500    1.495065648539e-43    2.604901973170e-44
  16.600    1.504296827760e-43    2.620701031793e-44
  16.700    1.513528060657e-43    2.636499998464e-44
  16.800    1.522759257412e-43    2.652298742800e-44
  16.900    1.531990535604e-43    2.668097439740e-44
  17.000    1.541221741775e-43    2.683895865214e-44
  17.100    1.550452970750e-43    2.699694160572e-44
  17.200    1.559684221982e-43    2.715492326730e-44
  17.300    1.568915502107e-43    2.731290375141e-44
  17.400    1.578146794471e-43    2.747088282966e-44
  17.500    1.587378074559e-43    2.762886015802e-44
  17.600    1.596609314509e-43    2.778683534321e-44
  17.700    1.605840611258e-43    2.794480982582e-44
  17.800    1.615071941893e-43    2.810278328427e-44
  17.900    1.624303273967e-43    2.826075525686e-44
  18.000    1.633534560266e-43    2.841872506510e-44
  18.100    1.642765890343e-43    2.857669403901e-44
  18.200    1.651997225528e-43    2.873466162488e-44
  18.300    1.661228536202e-43    2.889262740203e-44
  18.400    1.670459880526e-43    2.905059223810e-44
  18.500    1.679691231117e-43    2.920855574461e-44
  18.600    1.688922562461e-43    2.936651756059e-44
  18.700    1.698153885578e-43    2.952447786095e-44
  18.800    1.707385246091e-43    2.968243732773e-44
  18.900    1.716616598535e-43    2.984039530667e-44
  19.000    1.725847962443e-43    2.999835209662e-44
  19.100    1.735079330901e-43    3.015630760841e-44
  19.200    1.744310663901e-43    3.031426126763e-44
  19.300    1.753542016393e-43    3.047221389159e-44
  19.400    1.762773376769e-43    3.063016532169e-44
  19.500    1.772004734934e-43    3.078811542139e-44
  19.600    1.781236116645e-43    3.094606457920e-44
  19.700    1.790467497602e-43    3.110401245013e-44
  19.800    1.799698835822e-43    3.126195843031e-44
  19.900    1.808930157438e-43    3.141990291330e-44
  20.000    1.818161560649e-43    3.157784734711e-44
  20.100    1.827392918691e-43    3.173578988626e-44
  20.200    1.836624298246e-43    3.189373151701e-44
  20.300    1.845855612693e-43    3.205167098182e-44
  20.400    1.855087005202e-43    3.220961038544e-44
  20.500    1.864318368964e-43    3.236754817473e-44
  20.600    1.873549704604e-43    3.252548436855e-44
  20.700    1.882781081209e-43    3.268341998669e-44
  20.800    1.892012437394e-43    3.284135414067e-44
  20.900    1.901243751212e-43    3.299928651884e-44
  21.000    1.910475101952e-43    3.315721828937e-44
  21.100    1.919706499876e-43    3.331514961083e-44
  21.200    1.928937799543e-43    3.347307836631e-44
  21.300    1.938169177088e-43    3.363100713847e-44
  21.400    1.947400487923e-43    3.378893382295e-44
  21.500    1.956631800311e-43    3.394685942559e-44
  21.600    1.965863181224e-43    3.410478493267e-44
  21.700    1.975094527874e-43    3.426270885085e-44
  21.800    1.984325871536e-43    3.442063164489e-44
  21.900    1.993557204230e-43    3.457855320613e-44
  22.000    2.002788473667e-43    3.473647277905e-44
  22.100    2.012019800103e-43    3.489439212685e-44
  22.200    2.021251108428e-43    3.505231016054e-44
  22.300    2.030482436528e-43    3.521022744044e-44
  22.400    2.039713714343e-43    3.536814295153e-44
  22.500    2.048944980011e-43    3.552605725762e-44
  22.600    2.058176278950e-43    3.568397102841e-44
  22.700    2.067407552257e-43    3.584188341154e-44
  22.800    2.076638874079e-43    3.599979549540e-44
  22.900    2.085870147581e-43    3.615770587446e-44
  23.000    2.095101368974e-43    3.631561450043e-44
  23.100    2.104332697930e-43    3.647352370800e-44
  23.200    2.113563975687e-43    3.663143118886e-44
  23.300    2.122795204668e-43    3.678933698501e-44
  23.400    2.132026496416e-43    3.694724272868e-44
  23.500    2.141257734415e-43    3.710514672788e-44
  23.600    2.150488929193e-43    3.726304914246e-44
  23.700    2.159720198683e-43    3.742095169695e-44
  23.800    2.168951430318e-43    3.757885275715e-44
  23.900    2.178182639806e-43    3.773675255799e-44
  24.000    2.187413901745e-43    3.789465219194e-44
  24.100    2.196645060613e-43    3.805254939967e-44
  24.200    2.205876291084e-43    3.821044673089e-44
  24.300    2.215107453236e-43    3.836834215367e-44
  24.400    2.224338680381e-43    3.852623761471e-44
  24.500    2.233569890077e-43    3.868413191911e-44
  24.600    2.242801069390e-43    3.884202488413e-44
  24.700    2.252032224520e-43    3.899991660551e-44
  24.800    2.261263377082e-43    3.915780740322e-44
  24.900    2.270494573153e-43    3.931569795299e-44
  25.000    2.279725721791e-43    3.947358693662e-44
  25.100    2.288956878171e-43    3.963147516213e-44
  25.200    2.298187945329e-43    3.978936122400e-44
  25.300    2.307419133661e-43    3.994724818798e-44
  25.400    2.316650287480e-43    4.010513379411e-44
  25.500    2.325881371692e-43    4.026301753703e-44
  25.600    2.335112514430e-43    4.042090128513e-44
  25.700    2.344343592997e-43    4.057878325887e-44
  25.800    2.353574693772e-43    4.073666471907e-44
  25.900    2.362805789988e-43    4.089454528119e-44
  26.000    2.372036883547e-43    4.105242497747e-44
  26.100    2.381267932160e-43    4.121030319781e-44
  26.200    2.390499034487e-43    4.136818138077e-44
  26.300    2.399730059460e-43    4.152605762584e-44
  26.400    2.408961133497e-43    4.168393377474e-44
  26.500    2.418192160814e-43    4.184180843987e-44
  26.600    2.427423240655e-43    4.199968306759e-44
  26.700    2.436654256408e-43    4.215755596788e-44
  26.800    2.445885245104e-43    4.231542768310e-44
  26.900    2.455116241798e-43    4.247329872669e-44
  27.000    2.464347294114e-43    4.263116979439e-44
  27.100    2.473578289473e-43    4.278903925514e-44
  27.200    2.482809314364e-43    4.294690836911e-44
  27.300    2.492040272858e-43    4.310477574724e-44
  27.400    2.501271214481e-43    4.326264211282e-44
  27.500    2.510502198127e-43    4.342050832477e-44
  27.600    2.519733143507e-43    4.357837322128e-44
  27.700    2.528964149614e-43    4.373623824324e-44
  27.800    2.538195078481e-43    4.389410139169e-44
  27.900    2.547425978296e-43    4.405196337001e-44
  28.000    2.556656871606e-43    4.420982450920e-44
  28.100    2.565887788647e-43    4.436768525166e-44
  28.200    2.575118730026e-43    4.452554560977e-44
  28.300    2.584349673939e-43    4.468340527065e-44
  28.400    2.593580560860e-43    4.484126337429e-44
  28.500    2.602811388418e-43    4.499911988997e-44
  28.600    2.612042308009e-43    4.515697701742e-44
  28.700    2.621273204109e-43    4.531483308419e-44
  28.800    2.630504063849e-43    4.547268790711e-44
  28.900    2.639734934104e-43    4.563054216946e-44
  29.000    2.648965661849e-43    4.578839365551e-44
  29.100    2.658196509916e-43    4.594624618010e-44
  29.200    2.667427378858e-43    4.610409830423e-44
  29.300    2.676658219695e-43    4.626194932097e-44
  29.400    2.685889039241e-43    4.641979933239e-44
  29.500    2.695119789214e-43    4.657764764187e-44
  29.600    2.704350613364e-43    4.673549633637e-44
  29.700    2.713581359943e-43    4.689334321938e-44
  29.800    2.722812119659e-43    4.705118960885e-44
  29.900    2.732042966562e-43    4.720903658091e-44
  30.000    2.741273713689e-43    4.736688142907e-44
  30.100    2.750504418380e-43    4.752472498748e-44
  30.200    2.759735148141e-43    4.768256823733e-44
  30.300    2.768965932820e-43    4.784041161393e-44
  30.400    2.778196625055e-43    4.799825298519e-44
  30.500    2.787427384484e-43    4.815609466681e-44
  30.600    2.796658012365e-43    4.831393378265e-44
  30.700    2.805888720499e-43    4.847177340369e-44
  30.800    2.815119417947e-43    4.862961221541e-44
  30.900    2.824350114326e-43    4.878745035993e-44
  31.000    2.833580786871e-43    4.894528751031e-44
  31.100    2.842811447742e-43    4.910312384545e-44
  31.200    2.852042083936e-43    4.926095917984e-44
  31.300    2.861272719306e-43    4.941879386156e-44
  31.400    2.870503335498e-43    4.957662762758e-44
  31.500    2.879734037345e-43    4.973446199821e-44
  31.600    2.888964552694e-43    4.989229303620e-44
  31.700    2.898195227161e-43    5.005012574744e-44
  31.800    2.907425795219e-43    5.020795629078e-44
  31.900    2.916656401073e-43    5.036578675619e-44
  32.000    2.925887007943e-43    5.052361661380e-44
  32.100    2.935117504944e-43    5.068144426144e-44
  32.200    2.944348115602e-43    5.083927293645e-44
  32.300    2.953578636116e-43    5.099709969203e-44
  32.400    2.962809238041e-43    5.115492701307e-44
  32.500    2.972039677404e-43    5.131275137196e-44
  32.600    2.981270191907e-43    5.147057621043e-44
  32.700    2.990500848162e-43    5.162840249429e-44
  32.800    2.999731289385e-43    5.178622506445e-44
  32.900    3.008961822796e-43    5.194404836768e-44
  33.000    3.018192217979e-43    5.210186907333e-44
  33.100    3.027422695290e-43    5.225969037106e-44
  33.200    3.036653243755e-43    5.241751210428e-44
  33.300    3.045883642940e-43    5.257533108727e-44
  33.400    3.055114145498e-43    5.273315097616e-44
  33.500    3.064344588576e-43    5.289096941810e-44
  33.600    3.073574955826e-43    5.304878617907e-44
  33.700    3.082805541191e-43    5.320660551135e-44
  33.800    3.092035759427e-43    5.336441895544e-44
  33.900    3.101266268637e-43    5.352223602837e-44
  34.000    3.110496663399e-43    5.368005087084e-44
  34.100    3.119726984341e-43    5.383786407253e-44
  34.200    3.128957443068e-43    5.399567869434e-44
  34.300    3.138187823192e-43    5.415349161046e-44
  34.400    3.147418225303e-43    5.431130427694e-44
  34.500    3.156648466722e-43    5.446911405571e-44
  34.600    3.165878900548e-43    5.462692605192e-44
  34.700    3.175109194127e-43    5.478473546011e-44
  34.800    3.184339556389e-43    5.494254530165e-44
  34.900    3.193569912409e-43    5.510035449574e-44
  35.000    3.202800223661e-43    5.525816248774e-44
  35.100    3.212030511762e-43    5.541596959206e-44
  35.200    3.221260708358e-43    5.557377482317e-44
  35.300    3.230490977670e-43    5.573158055559e-44
  35.400    3.239721333356e-43    5.588938698837e-44
  35.500    3.248951548206e-43    5.604719084122e-44
  35.600    3.258181886685e-43    5.620499593631e-44
  35.700    3.267412066587e-43    5.636279819926e-44
  35.800    3.276642336798e-43    5.652060122681e-44
  35.900    3.285872561629e-43    5.667840306103e-44
  36.000    3.295102784184e-43    5.683620432633e-44
  36.100    3.304333069041e-43    5.699400595708e-44
  36.200    3.313563116814e-43    5.715180363185e-44
  36.300    3.322793327424e-43    5.730960312747e-44
  36.400    3.332023488724e-43    5.746740138233e-44
  36.500    3.341253707520e-43    5.762519994031e-44
  36.600    3.350483859952e-43    5.778299701488e-44
  36.700    3.359714023675e-43    5.794079372900e-44
  36.800    3.368944200445e-43    5.809859010973e-44
  36.900    3.378174324494e-43    5.825638520937e-44
  37.000    3.387404427229e-43    5.841417948310e-44
  37.100    3.396634581794e-43    5.857197398839e-44
  37.200    3.405864574991e-43    5.872976564972e-44
  37.300    3.415094773900e-43    5.888755976697e-44
  37.400    3.424324905117e-43    5.904535239565e-44
  37.500    3.433554897639e-43    5.920314251290e-44
  37.600    3.442785058175e-43    5.936093454661e-44
  37.700    3.452015105661e-43    5.951872444234e-44
  37.800    3.461245139508e-43    5.967651363636e-44
  37.900    3.470475155220e-43    5.983430206545e-44
  38.000    3.479705147408e-43    5.999208965345e-44
  38.100    3.488935255991e-43    6.014987842070e-44
  38.200    3.498165205968e-43    6.030766440113e-44
  38.300    3.507395312062e-43    6.046545213688e-44
  38.400    3.516625249085e-43    6.062323693817e-44
  38.500    3.525855212055e-43    6.078102162001e-44
  38.600    3.535085294743e-43    6.093880753643e-44
  38.700    3.544315154283e-43    6.109658974335e-44
  38.800    3.553545292009e-43    6.125437547350e-44
  38.900    3.562775132613e-43    6.141215643044e-44
  39.000    3.572004990147e-43    6.156993714547e-44
  39.100    3.581235079148e-43    6.172772071398e-44
  39.200    3.590464885237e-43    6.188549971921e-44
  39.300    3.599694921088e-43    6.204328155605e-44
  39.400    3.608924797260e-43    6.220106060994e-44
  39.500    3.618154796476e-43    6.235884095919e-44
  39.600    3.627384521983e-43    6.251661688444e-44
  39.700    3.636614432681e-43    6.267439500399e-44
  39.800    3.645844383357e-43    6.283217322534e-44
  39.900    3.655074131862e-43    6.298994805881e-44
  40.000    3.664304069732e-43    6.314772515063e-44
  40.100    3.673533922979e-43    6.330550055214e-44
  40.200    3.682763636073e-43    6.346327346438e-44
  40.300    3.691993621311e-43    6.362104983207e-44
  40.400    3.701223440631e-43    6.377882334185e-44
  40.500    3.710453191111e-43    6.393659539460e-44
  40.600    3.719682995229e-43    6.409436775706e-44
  40.700    3.728912768651e-43    6.425213921500e-44
  40.800    3.738142703360e-43    6.440991253665e-44
  40.900    3.747372303522e-43    6.456768057742e-44
  41.000    3.756602237059e-43    6.472545296448e-44
  41.100    3.765831895629e-43    6.488322093222e-44
  41.200    3.775061586561e-43    6.504098891091e-44
  41.300    3.784291448085e-43    6.519875889355e-44
  41.400    3.793521066590e-43    6.535652492160e-44
  41.500    3.802750898193e-43    6.551429356848e-44
  41.600    3.811980579939e-43    6.567205960584e-44
  41.700    3.821210250671e-43    6.582982503547e-44
  41.800    3.830439951362e-43    6.598759044895e-44
  41.900    3.839669621876e-43    6.614535498111e-44
  42.000    3.848899398632e-43    6.630312059847e-44
  42.100    3.858128947381e-43    6.646088248719e-44
  42.200    3.867358789271e-43    6.661864815574e-44
  42.300    3.876588438233e-43    6.677641060356e-44
  42.400    3.885817999632e-43    6.693417134976e-44
  42.500    3.895047716666e-43    6.709193389847e-44
  42.600    3.904277217147e-43    6.724969289019e-44
  42.700    3.913506914552e-43    6.740745428133e-44
  42.800    3.922736540086e-43    6.756521420174e-44
  42.900    3.931966094443e-43    6.772297266267e-44
  43.000    3.941195648999e-43    6.788073069326e-44
  43.100    3.950425309326e-43    6.803848981490e-44
  43.200    3.959654843356e-43    6.819624668693e-44
  43.300    3.968884406132e-43    6.835400354314e-44
  43.400    3.978113872543e-43    6.851175858322e-44
  43.500    3.987343528242e-43    6.866951592127e-44
  43.600    3.996573047751e-43    6.882727087208e-44
  43.700    4.005802596815e-43    6.898502582318e-44
  43.800    4.015032155567e-43    6.914278048966e-44
  43.900    4.024261557771e-43    6.930053247941e-44
  44.000    4.033491196541e-43    6.945828745294e-44
  44.100    4.042720598868e-43    6.961603860193e-44
  44.200    4.051950214599e-43    6.977379240322e-44
  44.300    4.061179641465e-43    6.993154306725e-44
  44.400    4.070409091952e-43    7.008929365383e-44
  44.500    4.079638570909e-43    7.024704423377e-44
  44.600    4.088867934288e-43    7.040479273487e-44
  44.700    4.098097480534e-43    7.056254345370e-44
  44.800    4.107326948718e-43    7.072029263573e-44
  44.900    4.116556452631e-43    7.087804191979e-44
  45.000    4.125785727318e-43    7.103578749384e-44
  45.100    4.135015086255e-43    7.119353387038e-44
  45.200    4.144244601205e-43    7.135128208302e-44
  45.300    4.153473955922e-43    7.150902758185e-44
  45.400    4.162703426658e-43    7.166677434317e-44
  45.500    4.171932740124e-43    7.182451843555e-44
  45.600    4.181162041916e-43    7.198226195510e-44
  45.700    4.190391625209e-43    7.214000912102e-44
  45.800    4.199620865864e-43    7.229775095412e-44
  45.900    4.208850188309e-43    7.245549356214e-44
  46.000    4.218079489201e-43    7.261323545920e-44
  46.100    4.227308809015e-43    7.277097722857e-44
  46.200    4.236538221669e-43    7.292871993461e-44
  46.300    4.245767581867e-43    7.308646148801e-44
  46.400    4.254996838163e-43    7.324420114976e-44
  46.500    4.264226038447e-43    7.340193960983e-44
  46.600    4.273455283889e-43    7.355967832450e-44
  46.700    4.282684640976e-43    7.371741825098e-44
  46.800    4.291913838422e-43    7.387515548811e-44
  46.900    4.301143208505e-43    7.403289481613e-44
  47.000    4.310372500212e-43    7.419063262559e-44
  47.100    4.319601778191e-43    7.434836984729e-44
  47.200    4.328830920884e-43    7.450610473394e-44
  47.300    4.338060219785e-43    7.466384147873e-44
  47.400    4.347289389515e-43    7.482157597837e-44
  47.500    4.356518614838e-43    7.497931089092e-44
  47.600    4.365747832199e-43    7.513704530329e-44
  47.700    4.374977035120e-43    7.529477912326e-44
  47.800    4.384206216900e-43    7.545251225539e-44
  47.900    4.393435416632e-43    7.561024526271e-44
  48.000    4.402664495867e-43    7.576797615541e-44
  48.100    4.411893790098e-43    7.592570975826e-44
  48.200    4.421122880342e-43    7.608344004789e-44
  48.300    4.430351960302e-43    7.624116981034e-44
  48.400    4.439581138952e-43    7.639890061320e-44
  48.500    4.448810257661e-43    7.655663017667e-44
  48.600    4.458039503596e-43    7.671436119242e-44
  48.700    4.467268437889e-43    7.687208735211e-44
  48.800    4.476497664626e-43    7.702981734091e-44
  48.900    4.485726697388e-43    7.718754416708e-44
  49.000    4.494955829563e-43    7.734527204903e-44
  49.100    4.504184973916e-43    7.750299973354e-44
  49.200    4.513414004755e-43    7.766072541478e-44
  49.300    4.522642975573e-43    7.781844986258e-44
  49.400    4.531872112492e-43    7.797617632792e-44
  49.500    4.541101089164e-43    7.813390012092e-44
  49.600    4.550330237836e-43    7.829162601778e-44
  49.700    4.559559184917e-43    7.844934864988e-44
  49.800    4.568788323268e-43    7.860707366428e-44
  49.900    4.578017209155e-43    7.876479468461e-44
  50.000    4.587246306219e-43    7.892251837486e-44
  50.100    4.596475353183e-43    7.908024098091e-44
  50.200    4.605704202289e-43    7.923796038036e-44
  50.300    4.614933259420e-43    7.939568240663e-44
  50.400    4.624162325738e-43    7.955340420311e-44
  50.500    4.633391131586e-43    7.971112189589e-44
  50.600    4.642620192889e-43    7.986884289917e-44
  50.700    4.651849141700e-43    8.002656192669e-44
  50.800    4.661078102125e-43    8.018428076251e-44
  50.900    4.670307050801e-43    8.034199907172e-44
  51.000    4.679535800553e-43    8.049971416591e-44
  51.100    4.688764821202e-43    8.065743279593e-44
  51.200    4.697993827829e-43    8.081515086895e-44
  51.300    4.707222743078e-43    8.097286727444e-44
  51.400    4.716451562941e-43    8.113058195568e-44
  51.500    4.725680346726e-43    8.128829576553e-44
  51.600    4.734909350945e-43    8.144601238958e-44
  51.700    4.744138143401e-43    8.160372561995e-44
  51.800    4.753367147495e-43    8.176144153952e-44
  51.900    4.762595900903e-43    8.191915350793e-44
  52.000    4.771824778376e-43    8.207686690902e-44
  52.100    4.781053643307e-43    8.223457978126e-44
  52.200    4.790282406702e-43    8.239229084716e-44
  52.300    4.799511330373e-43    8.255000386790e-44
  52.400    4.808740117998e-43    8.270771458812e-44
  52.500    4.817969047516e-43    8.286542700049e-44
  52.600    4.827197745402e-43    8.302313574110e-44
  52.700    4.836426427697e-43    8.318084391355e-44
  52.800    4.845655317667e-43    8.333855472492e-44
  52.900    4.854884099066e-43    8.349626363417e-44
  53.000    4.864113038820e-43    8.365397447528e-44
  53.100    4.873341720699e-43    8.381168127172e-44
  53.200    4.882570296577e-43    8.396938620530e-44
  53.300    4.891799213118e-43    8.412709569066e-44
  53.400    4.901027812931e-43    8.428480028862e-44
  53.500    4.910256671110e-43    8.444250825784e-44
  53.600    4.919485375460e-43    8.460021368026e-44
  53.700    4.928714044118e-43    8.475791825293e-44
  53.800    4.937942771262e-43    8.491562332878e-44
  53.900    4.947171464948e-43    8.507332758833e-44
  54.000    4.956400211913e-43    8.523103227759e-44
  54.100    4.965628847944e-43    8.538873503959e-44
  54.200    4.974857489761e-43    8.554643755083e-44
  54.300    4.984086283090e-43    8.570414190405e-44
  54.400    4.993314905656e-43    8.586184347317e-44
  54.500    5.002543592306e-43    8.601954563043e-44
  54.600    5.011772163577e-43    8.617724580015e-44
  54.700    5.021000693144e-43    8.633494504073e-44
  54.800    5.030229496681e-43    8.649264788425e-44
  54.900    5.039458000543e-43    8.665034609678e-44
  55.000    5.048686823077e-43    8.680804855506e-44
  55.100    5.057915392906e-43    8.696574705803e-44
  55.200    5.067143907140e-43    8.712344443574e-44
  55.300    5.076372498667e-43    8.728114259630e-44
  55.400    5.085601059752e-43    8.743883999392e-44
  55.500    5.094829744090e-43    8.759653883522e-44
  55.600    5.104058337303e-43    8.775423604389e-44
  55.700    5.113286867163e-43    8.791193201922e-44
  55.800    5.122515430630e-43    8.806962815344e-44
  55.900    5.131743902914e-43    8.822732265623e-44
  56.000    5.140972448064e-43    8.838501788260e-44
  56.100    5.150201015924e-43    8.854271311330e-44
  56.200    5.159429630205e-43    8.870040868919e-44
  56.300    5.168658128554e-43    8.885810228106e-44
  56.400    5.177886588731e-43    8.901579500545e-44
  56.500    5.187115199882e-43    8.917348957722e-44
  56.600    5.196343562159e-43    8.933118025923e-44
  56.700    5.205572198539e-43    8.948887455659e-44
  56.800    5.214800489172e-43    8.964656357554e-44
  56.900    5.224029034823e-43    8.980425593704e-44
  57.000    5.233257500646e-43    8.996194683707e-44
  57.100    5.242485972127e-43    9.011963750280e-44
  57.200    5.251714583236e-43    9.027732985700e-44
  57.300    5.260942925180e-43    9.043501803501e-44
  57.400    5.270171359411e-43    9.059270722346e-44
  57.500    5.279399770019e-43    9.075039575988e-44
  57.600    5.288628099658e-43    9.090808282220e-44
  57.700    5.297856682150e-43    9.106577320015e-44
  57.800    5.307085058302e-43    9.122346030651e-44
  57.900    5.316313549876e-43    9.138114875794e-44
  58.000    5.325541894126e-43    9.153883478573e-44
  58.100    5.334770166450e-43    9.169651947214e-44
  58.200    5.343998664536e-43    9.185420708811e-44
  58.300    5.353226987121e-43    9.201189187808e-44
  58.400    5.362455418074e-43    9.216957791464e-44
  58.500    5.371683712313e-43    9.232726168281e-44
  58.600    5.380911956735e-43    9.248494442970e-44
  58.700    5.390140507706e-43    9.264263126743e-44
  58.800    5.399368752279e-43    9.280031340469e-44
  58.900    5.408597061122e-43    9.295799615874e-44
  59.000    5.417825507240e-43    9.311568057719e-44
  59.100    5.427053716216e-43    9.327336129039e-44
  59.200    5.436282098526e-43    9.343104418624e-44
  59.300    5.445510198634e-43    9.358872273185e-44
  59.400    5.454738634174e-43    9.374640578592e-44
  59.500    5.463966912508e-43    9.390408628359e-44
  59.600    5.473195100284e-43    9.406176518133e-44
  59.700    5.482423447722e-43    9.421944606812e-44
  59.800    5.491651696519e-43    9.437712524016e-44
  59.900    5.500880035261e-43    9.453480540245e-44
  60.000    5.510108251077e-43    9.469248350284e-44
  60.100    5.519336550564e-43    9.485016250456e-44
  60.200    5.528564806275e-43    9.500784058049e-44
  60.300    5.537792859918e-43    9.516551546143e-44
  60.400    5.547021255905e-43    9.532319495440e-44
  60.500    5.556249395182e-43    9.548087046996e-44
  60.600    5.565477636819e-43    9.563854715733e-44
  60.700    5.574705810502e-43    9.579622257497e-44
  60.800    5.583933927818e-43    9.595389688957e-44
  60.900    5.593162196181e-43    9.611157307556e-44
  61.000    5.602390332728e-43    9.626924707775e-44
  61.100    5.611618582749e-43    9.642692241358e-44
  61.200    5.620846647084e-43    9.658459479438e-44
  61.300    5.630074825727e-43    9.674226852174e-44
  61.400    5.639303068738e-43    9.689994288013e-44
  61.500    5.648531101494e-43    9.705761393293e-44
  61.600    5.657759390327e-43    9.721528836615e-44
  61.700    5.666987476698e-43    9.737295960657e-44
  61.800    5.676215458891e-43    9.753062906382e-44
  61.900    5.685443621464e-43    9.768830081765e-44
  62.000    5.694671731115e-43    9.784597152407e-44
  62.100    5.703899964185e-43    9.800364371140e-44
  62.200    5.713127947367e-43    9.816131202885e-44
  62.300    5.722355961621e-43    9.831898050448e-44
  62.400    5.731584257657e-43    9.847665273244e-44
  62.500    5.740812310902e-43    9.863432119385e-44
  62.600    5.750040375385e-43    9.879198953054e-44
  62.700    5.759268358726e-43    9.894965641885e-44
  62.800    5.768496612792e-43    9.910732690270e-44
  62.900    5.777724295027e-43    9.926498890607e-44
  63.000    5.786952286325e-43    9.942265505544e-44
  63.100    5.796180789059e-43    9.958032825155e-44
  63.200    5.805408561147e-43    9.973799069273e-44
  63.300    5.814636618050e-43    9.989565693354e-44
  63.400    5.823864721391e-43    1.000533235579e-43
  63.500    5.833092582072e-43    1.002109864230e-43
  63.600    5.842320893552e-43    1.003686554677e-43
  63.700    5.851548564176e-43    1.005263150475e-43
  63.800    5.860776453119e-43    1.006839774760e-43
  63.900    5.870004638829e-43    1.008416438778e-43
  64.000    5.879232561131e-43    1.009993062256e-43
  64.100    5.888460622580e-43    1.011569702886e-43
  64.200    5.897688476748e-43    1.013146311031e-43
  64.300    5.906916535882e-43    1.014722945769e-43
  64.400    5.916144434431e-43    1.016299554722e-43
  64.500    5.925372428430e-43    1.017876174585e-43
  64.600    5.934600310796e-43    1.019452775686e-43
  64.700    5.943828170768e-43    1.021029370819e-43
  64.800    5.953055896265e-43    1.022605943929e-43
  64.900    5.962283978322e-43    1.024182565378e-43
  65.000    5.971511952088e-43    1.025759168564e-43
  65.100    5.980739667983e-43    1.027335732060e-43
  65.200    5.989967690884e-43    1.028912336807e-43
  65.300    5.999195600201e-43    1.030488922546e-43
  65.400    6.008423540585e-43    1.032065510008e-43
  65.500    6.017651245186e-43    1.033642060965e-43
  65.600    6.026879378151e-43    1.035218670574e-43
  65.700    6.036107213966e-43    1.036795234894e-43
  65.800    6.045334724138e-43    1.038371749851e-43
  65.900    6.054562818865e-43    1.039948345847e-43
  66.000    6.063790608917e-43    1.041524895492e-43
  66.100    6.073018352969e-43    1.043101435850e-43
  66.200    6.082246166195e-43    1.044677983423e-43
  66.300    6.091474099949e-43    1.046254545574e-43
  66.400    6.100702021895e-43    1.047831103347e-43
  66.500    6.109929602059e-43    1.049407609479e-43
  66.600    6.119157680849e-43    1.050984184362e-43
  66.700    6.128385484035e-43    1.052560717092e-43
  66.800    6.137612899300e-43    1.054137191588e-43
  66.900    6.146840874252e-43    1.055713743591e-43
  67.000    6.156068646095e-43    1.057290263840e-43
  67.100    6.165296480658e-43    1.058866790417e-43
  67.200    6.174524097566e-43    1.060443283167e-43
  67.300    6.183751918361e-43    1.062019802474e-43
  67.400    6.192979699436e-43    1.063596313448e-43
  67.500    6.202207268104e-43    1.065172791360e-43
  67.600    6.211434951107e-43    1.066749283014e-43
  67.700    6.220662947086e-43    1.068325816862e-43
  67.800    6.229890523792e-43    1.069902288034e-43
  67.900    6.239118204558e-43    1.071478771487e-43
  68.000    6.248346170237e-43    1.073055293126e-43
  68.100    6.257573776194e-43    1.074631760632e-43
  68.200    6.266801496033e-43    1.076208241837e-43
  68.300    6.276029067454e-43    1.077784699180e-43
  68.400    6.285256940166e-43    1.079361197069e-43
  68.500    6.294484479619e-43    1.080937644634e-43
  68.600    6.303712087966e-43    1.082514099470e-43
  68.700    6.312939923004e-43    1.084090584179e-43
  68.800    6.322167315430e-43    1.085667002918e-43
  68.900    6.331395091859e-43    1.087243474064e-43
  69.000    6.340622859738e-43    1.088819941407e-43
  69.100    6.349850540364e-43    1.090396393680e-43
  69.200    6.359077936827e-43    1.091972802692e-43
  69.300    6.368305469595e-43    1.093549228655e-43
  69.400    6.377533246789e-43    1.095125687054e-43
  69.500    6.386760828806e-43    1.096702114947e-43
  69.600    6.395988322783e-43    1.098278527679e-43
  69.700    6.405215939107e-43    1.099854955377e-43
  69.800    6.414443829369e-43    1.101431419750e-43
  69.900    6.423670982985e-43    1.103007776105e-43
  70.000    6.432898743262e-43    1.104584216783e-43
  70.100    6.442126503176e-43    1.106160654871e-43
  70.200    6.451353805528e-43    1.107737024915e-43
  70.300    6.460581538207e-43    1.109313454042e-43
  70.400    6.469809017480e-43    1.110889844363e-43
  70.500    6.479036472297e-43    1.112466228661e-43
  70.600    6.488264190852e-43    1.114042648201e-43
  70.700    6.497491767611e-43    1.115619044926e-43
  70.800    6.506719159636e-43    1.117195412694e-43
  70.900    6.515946644065e-43    1.118771791185e-43
  71.000    6.525174138811e-43    1.120348168650e-43
  71.100    6.534401874381e-43    1.121924578091e-43
  71.200    6.543629190236e-43    1.123500924952e-43
  71.300    6.552856687396e-43    1.125077295277e-43
  71.400    6.562084209911e-43    1.126653666742e-43
  71.500    6.571311861896e-43    1.128230054257e-43
  71.600    6.580539318654e-43    1.129806411344e-43
  71.700    6.589766639211e-43    1.131382746458e-43
  71.800    6.598994145535e-43    1.132959105690e-43
  71.900    6.608221482877e-43    1.134535438263e-43
  72.000    6.617448987071e-43    1.136111792253e-43
  72.100    6.626676548630e-43    1.137688151992e-43
  72.200    6.635903677562e-43    1.139264447345e-43
  72.300    6.645131280238e-43    1.140840808054e-43
  72.400    6.654358870657e-43    1.142417164555e-43
  72.500    6.663586288028e-43    1.143993493839e-43
  72.600    6.672813521753e-43    1.145569794392e-43
  72.700    6.682041131313e-43    1.147146146297e-43
  72.800    6.691268452143e-43    1.148722454437e-43
  72.900    6.700495695194e-43    1.150298749012e-43
  73.000    6.709723199920e-43    1.151875078607e-43
  73.100    6.718950663846e-43    1.153451399935e-43
  73.200    6.728177912995e-43    1.155027688100e-43
  73.300    6.737405198134e-43    1.156603978995e-43
  73.400    6.746632662007e-43    1.158180293052e-43
  73.500    6.755860411540e-43    1.159756645577e-43
  73.600    6.765087470981e-43    1.161332896930e-43
  73.700    6.774314678796e-43    1.162909167110e-43
  73.800    6.783542318392e-43    1.164485496679e-43
  73.900    6.792769301138e-43    1.166061729846e-43
  74.000    6.801996657411e-43    1.167638014071e-43
  74.100    6.811224289860e-43    1.169214335425e-43
  74.200    6.820451685187e-43    1.170790620454e-43
  74.300    6.829678794792e-43    1.172366862209e-43
  74.400    6.838906241590e-43    1.173943149833e-43
  74.500    6.848133560017e-43    1.175519416707e-43
  74.600    6.857360661527e-43    1.177095650164e-43
  74.700    6.866587809129e-43    1.178671887844e-43
  74.800    6.875815426116e-43    1.180248190318e-43
  74.900    6.885042239189e-43    1.181824375393e-43
  75.000    6.894269759869e-43    1.183400659355e-43
  75.100    6.903496972117e-43    1.184976896824e-43
  75.200    6.912724449193e-43    1.186553169828e-43
  75.300    6.921951601646e-43    1.188129394030e-43
  75.400    6.931178811334e-43    1.189705624070e-43
  75.500    6.940406263905e-43    1.191281886514e-43
  75.600    6.949633259934e-43    1.192858081293e-43
  75.700    6.958860459485e-43    1.194434302850e-43
  75.800    6.968087672881e-43    1.196010524050e-43
  75.900    6.977314752681e-43    1.197586723802e-43
  76.000    6.986542312615e-43    1.199162989916e-43
  76.100    6.995769440528e-43    1.200739191891e-43
  76.200    7.004996700426e-43    1.202315410424e-43
  76.300    7.014223644830e-43    1.203891581498e-43
  76.400    7.023450954090e-43    1.205467802453e-43
  76.500    7.032678397735e-43    1.207044040316e-43
  76.600    7.041905280926e-43    1.208620195687e-43
  76.700    7.051132372863e-43    1.210196378613e-43
  76.800    7.060359649297e-43    1.211772585626e-43
  76.900    7.069586839744e-43    1.213348778034e-43
  77.000    7.078813815651e-43    1.214924937451e-43
  77.100    7.088041113405e-43    1.216501140613e-43
  77.200    7.097268255992e-43    1.218077319284e-43
  77.300    7.106495265456e-43    1.219653476620e-43
  77.400    7.115722630882e-43    1.221229682589e-43
  77.500    7.124949744634e-43    1.222805850271e-43
  77.600    7.134176705006e-43    1.224381993731e-43
  77.700    7.143403727127e-43    1.225958143746e-43
  77.800    7.152631057051e-43    1.227534335514e-43
  77.900    7.161858169891e-43    1.229110493957e-43
  78.000    7.171085012860e-43    1.230686611528e-43
  78.100    7.180312208096e-43    1.232262777220e-43
  78.200    7.189539346412e-43    1.233838932507e-43
  78.300    7.198766187170e-43    1.235415042972e-43
  78.400    7.207993497814e-43    1.236991218389e-43
  78.500    7.217220609372e-43    1.238567363076e-43
  78.600    7.226447434034e-43    1.240143464475e-43
  78.700    7.235674397079e-43    1.241719583420e-43
  78.800    7.244901674688e-43    1.243295745109e-43
  78.900    7.254128907541e-43    1.244871898154e-43
  79.000    7.263355620826e-43    1.246447974648e-43
  79.100    7.272582657800e-43    1.248024095201e-43
  79.200    7.281809777106e-43    1.249600225294e-43
  79.300    7.291036540767e-43    1.251176302292e-43
  79.400    7.300263887054e-43    1.252752460388e-43
  79.500    7.309490976339e-43    1.254328579503e-43
  79.600    7.318717959843e-43    1.255904681266e-43
  79.700    7.327944715339e-43    1.257480748202e-43
  79.800    7.337171849676e-43    1.259056867100e-43
  79.900    7.346398867251e-43    1.260632967086e-43
  80.000    7.355625494843e-43    1.262209009090e-43
  80.100    7.364852652022e-43    1.263785124621e-43
  80.200    7.374079857150e-43    1.265361244803e-43
  80.300    7.383306523094e-43    1.266937285676e-43
  80.400    7.392533766123e-43    1.268513406875e-43
  80.500    7.401760530477e-43    1.270089457426e-43
  80.600    7.410987687870e-43    1.271665561987e-43
  80.700    7.420214292933e-43    1.273241585374e-43
  80.800    7.429441321134e-43    1.274817667081e-43
  80.900    7.438668421708e-43    1.276393756951e-43
  81.000    7.447895131622e-43    1.277969788776e-43
  81.100    7.457122253627e-43    1.279545877347e-43
  81.200    7.466349099644e-43    1.281121924276e-43
  81.300    7.475575926568e-43    1.282697966301e-43
  81.400    7.484802766239e-43    1.284274007976e-43
  81.500    7.494029861005e-43    1.285850083958e-43
  81.600    7.503256825254e-43    1.287426139111e-43
  81.700    7.512483414620e-43    1.289002138498e-43
  81.800    7.521710295764e-43    1.290578177444e-43
  81.900    7.530937255600e-43    1.292154225483e-43
  82.000    7.540163945794e-43    1.293730232813e-43
  82.100    7.549390974141e-43    1.295306286339e-43
  82.200    7.558618072156e-43    1.296882347675e-43
  82.300    7.567844807858e-43    1.298458355061e-43
  82.400    7.577071642353e-43    1.300034374428e-43
  82.500    7.586298428645e-43    1.301610384761e-43
  82.600    7.595525270263e-43    1.303186400865e-43
  82.700    7.604751893777e-43    1.304762383650e-43
  82.800    7.613978685667e-43    1.306338388374e-43
  82.900    7.623205671896e-43    1.307914418750e-43
  83.000    7.632432230084e-43    1.309490385802e-43
  83.100    7.641659199119e-43    1.311066409465e-43
  83.200    7.650886155826e-43    1.312642429241e-43
  83.300    7.660113137189e-43    1.314218450421e-43
  83.400    7.669339559008e-43    1.315794389490e-43
  83.500    7.678566476760e-43    1.317370397342e-43
  83.600    7.687793254891e-43    1.318946383120e-43
  83.700    7.697019986904e-43    1.320522360195e-43
  83.800    7.706246563646e-43    1.322098312966e-43
  83.900    7.715473587108e-43    1.323674327492e-43
  84.000    7.724700104181e-43    1.325250267525e-43
  84.100    7.733926935158e-43    1.326826250331e-43
  84.200    7.743153816698e-43    1.328402238268e-43
  84.300    7.752380659181e-43    1.329978218525e-43
  84.400    7.761607284980e-43    1.331554165716e-43
  84.500    7.770833921085e-43    1.333130112290e-43
  84.600    7.780060733820e-43    1.334706082026e-43
  84.700    7.789287155701e-43    1.336281993806e-43
  84.800    7.798513863884e-43    1.337857944429e-43
  84.900    7.807740767730e-43    1.339433920940e-43
  85.000    7.816967442518e-43    1.341009862632e-43
  85.100    7.826194136165e-43    1.342585804945e-43
  85.200    7.835420853530e-43    1.344161748576e-43
  85.300    7.844647585315e-43    1.345737692197e-43
  85.400    7.853874324698e-43    1.347313634838e-43
  85.500    7.863100890978e-43    1.348889550671e-43
  85.600    7.872327510226e-43    1.350465472013e-43
  85.700    7.881554033754e-43    1.352041377614e-43
  85.800    7.890780895000e-43    1.353617329427e-43
  85.900    7.900007535524e-43    1.355193247637e-43
  86.000    7.909234494712e-43    1.356769209340e-43
  86.100    7.918460859273e-43    1.358345084005e-43
  86.200    7.927687294199e-43    1.359920966680e-43
  86.300    7.936914254835e-43    1.361496922446e-43
  86.400    7.946140546917e-43    1.363072780618e-43
  86.500    7.955367327391e-43    1.364648706550e-43
  86.600    7.964593936855e-43    1.366224606004e-43
  86.700    7.973820521007e-43    1.367800499805e-43
  86.800    7.983047149115e-43    1.369376397855e-43
  86.900    7.992273698772e-43    1.370952282662e-43
  87.000    8.001500511602e-43    1.372528203051e-43
  87.100    8.010726894658e-43    1.374104059995e-43
  87.200    8.019953519715e-43    1.375679949499e-43
  87.300    8.029180123687e-43    1.377255833969e-43
  87.400    8.038406324236e-43    1.378831658767e-43
  87.500    8.047633230633e-43    1.380407582420e-43
  87.600    8.056859721080e-43    1.381983444617e-43
  87.700    8.066086589607e-43    1.383559358830e-43
  87.800    8.075312812375e-43    1.385135178753e-43
  87.900    8.084539485311e-43    1.386711061000e-43
  88.000    8.093766263443e-43    1.388286956273e-43
  88.100    8.102992323662e-43    1.389862746955e-43
  88.200    8.112219115921e-43    1.391438640244e-43
  88.300    8.121445567802e-43    1.393014482896e-43
  88.400    8.130672010896e-43    1.394590322296e-43
  88.500    8.139898542091e-43    1.396166172293e-43
  88.600    8.149125165385e-43    1.397742033459e-43
  88.700    8.158351721377e-43    1.399317883019e-43
  88.800    8.167578215083e-43    1.400893721693e-43
  88.900    8.176804734753e-43    1.402469562092e-43
  89.000    8.186031364703e-43    1.404045416267e-43
  89.100    8.195257481558e-43    1.405621195148e-43
  89.200    8.204483862989e-43    1.407197009857e-43
  89.300    8.213710567956e-43    1.408772868819e-43
  89.400    8.222936807326e-43    1.410348659282e-43
  89.500    8.232163449520e-43    1.411924505330e-43
  89.600    8.241389851341e-43    1.413500315066e-43
  89.700    8.250616546626e-43    1.415076164765e-43
  89.800    8.259842670465e-43    1.416651930853e-43
  89.900    8.269069247308e-43    1.418227759704e-43
  90.000    8.278295782956e-43    1.419803580710e-43
  90.100    8.287522122645e-43    1.421379371761e-43
  90.200    8.296748476237e-43    1.422955162843e-43
  90.300    8.305975035872e-43    1.424530981411e-43
  90.400    8.315201365597e-43    1.426106765180e-43
  90.500    8.324427640538e-43    1.427682539175e-43
  90.600    8.333654236144e-43    1.429258357036e-43
  90.700    8.342880686381e-43    1.430834152185e-43
  90.800    8.352106703946e-43    1.432409883577e-43
  90.900    8.361333387705e-43    1.433985708207e-43
  91.000    8.370559902322e-43    1.435561506734e-43
  91.100    8.379786120148e-43    1.437137260926e-43
  91.200    8.389012372491e-43    1.438713018116e-43
  91.300    8.398238787890e-43    1.440288796670e-43
  91.400    8.407465230024e-43    1.441864577114e-43
  91.500    8.416691446777e-43    1.443440323434e-43
  91.600    8.425917834067e-43    1.445016092192e-43
  91.700    8.435144525890e-43    1.446591902532e-43
  91.800    8.444370694769e-43    1.448167636246e-43
  91.900    8.453596957350e-43    1.449743381429e-43
  92.000    8.462823204245e-43    1.451319122455e-43
  92.100    8.472049542033e-43    1.452894874551e-43
  92.200    8.481275973134e-43    1.454470638065e-43
  92.300    8.490502289656e-43    1.456046383303e-43
  92.400    8.499728578529e-43    1.457622122683e-43
  92.500    8.508954684576e-43    1.459197834042e-43
  92.600    8.518181126794e-43    1.460773591518e-43
  92.700    8.527407485296e-43    1.462349335135e-43
  92.800    8.536633739967e-43    1.463925062021e-43
  92.900    8.545859903833e-43    1.465500774039e-43
  93.000    8.555086297963e-43    1.467076517054e-43
  93.100    8.564312752249e-43    1.468652266768e-43
  93.200    8.573538645730e-43    1.470227934487e-43
  93.300    8.582765077569e-43    1.471803677215e-43
  93.400    8.591991707110e-43    1.473379446296e-43
  93.500    8.601217632216e-43    1.474955112873e-43
  93.600    8.610443756810e-43    1.476530806062e-43
  93.700    8.619670251880e-43    1.478106550286e-43
  93.800    8.628896348689e-43    1.479682235748e-43
  93.900    8.638122693969e-43    1.481257954823e-43
  94.000    8.647348790039e-43    1.482833636428e-43
  94.100    8.656575126518e-43    1.484409350499e-43
  94.200    8.665801239113e-43    1.485985030722e-43
  94.300    8.675027630592e-43    1.487560748910e-43
  94.400    8.684253809200e-43    1.489136434827e-43
  94.500    8.693479986915e-43    1.490712118753e-43
  94.600    8.702706188375e-43    1.492287804207e-43
  94.700    8.711932422041e-43    1.493863492401e-43
  94.800    8.721158646005e-43    1.495439177351e-43
  94.900    8.730384712075e-43    1.497014837895e-43
  95.000    8.739610970738e-43    1.498590524090e-43
  95.100    8.748837123656e-43    1.500166193330e-43
  95.200    8.758063244533e-43    1.501741856145e-43
  95.300    8.767289281434e-43    1.503317505118e-43
  95.400    8.776515633138e-43    1.504893197203e-43
  95.500    8.785741541991e-43    1.506468824198e-43
  95.600    8.794967855254e-43    1.508044507106e-43
  95.700    8.804194086525e-43    1.509620176464e-43
  95.800    8.813420076521e-43    1.511195809527e-43
  95.900    8.822646333620e-43    1.512771478898e-43
  96.000    8.831872392253e-43    1.514347118092e-43
  96.100    8.841098684696e-43    1.515922788842e-43
  96.200    8.850324658467e-43    1.517498412254e-43
  96.300    8.859550874032e-43    1.519074068366e-43
  96.400    8.868777105142e-43    1.520649724871e-43
  96.500    8.878002877501e-43    1.522225314040e-43
  96.600    8.887229107435e-43    1.523800966729e-43
  96.700    8.896455301852e-43    1.525376612524e-43
  96.800    8.905681413746e-43    1.526952244716e-43
  96.900    8.914907469391e-43    1.528527867059e-43
  97.000    8.924133419575e-43    1.530103472526e-43
  97.100    8.933359650247e-43    1.531679116233e-43
  97.200    8.942585476787e-43    1.533254700420e-43
  97.300    8.951811667706e-43    1.534830334829e-43
  97.400    8.961037800973e-43    1.536405959197e-43
  97.500    8.970263890168e-43    1.537981575466e-43
  97.600    8.979489747044e-43    1.539557156758e-43
  97.700    8.988715923527e-43    1.541132781884e-43
  97.800    8.997942173962e-43    1.542708415770e-43
  97.900    9.007167928302e-43    1.544283977020e-43
  98.000    9.016394129466e-43    1.545859600275e-43
  98.100    9.025620095109e-43    1.547435188106e-43
  98.200    9.034846014345e-43    1.549010767517e-43
  98.300    9.044072291006e-43    1.550586396173e-43
  98.400    9.053298414939e-43    1.552162001231e-43
  98.500    9.062524329156e-43    1.553737574559e-43
  98.600    9.071749974841e-43    1.555313107760e-43
  98.700    9.080976431911e-43    1.556888755027e-43
  98.800    9.090202263110e-43    1.558464311150e-43
  98.900    9.099428286623e-43    1.560039892952e-43
  99.000    9.108654375069e-43    1.561615482247e-43
  99.100    9.117880113995e-43    1.563191019862e-43
  99.200    9.127105921414e-43    1.564766565482e-43
  99.300    9.136332113895e-43    1.566342164306e-43
  99.400    9.145557943930e-43    1.567917709612e-43
  99.500    9.154784101172e-43    1.569493299864e-43
  99.600    9.164009908353e-43    1.571068838371e-43
  99.700    9.173236038765e-43    1.572644421259e-43
  99.800    9.182462173007e-43    1.574220002931e-43
  99.900    9.191687857441e-43    1.575795518622e-43
  100.000    9.200913844063e-43    1.577371075696e-43
  100.100    9.210139951170e-43    1.578946648212e-43
  100.200    9.219365917801e-43    1.580522198917e-43
  100.300    9.228591577643e-43    1.582097704068e-43
  100.400    9.237817710017e-43    1.583673274926e-43
  100.500    9.247043414406e-43    1.585248782934e-43
  100.600    9.256269285883e-43    1.586824313045e-43
  100.700    9.265495238500e-43    1.588399852992e-43
  100.800    9.274721352448e-43    1.589975414225e-43
  100.900    9.283947080634e-43    1.591550918643e-43
  101.000    9.293173029122e-43    1.593126452768e-43
  101.100    9.302398987297e-43    1.594701986534e-43
  101.200    9.311624997543e-43    1.596277525995e-43
  101.300    9.320850781710e-43    1.597853031446e-43
  101.400    9.330076571106e-43    1.599428535907e-43
  101.500    9.339302528913e-43    1.601004062675e-43
  101.600    9.348528398200e-43    1.602579575075e-43
  101.700    9.357754082132e-43    1.604155059285e-43
  101.800    9.366980006612e-43    1.605730576105e-43
  101.900    9.376205800684e-43    1.607306072582e-43
  102.000    9.385431595319e-43    1.608881567414e-43
  102.100    9.394657647296e-43    1.610457097258e-43
  102.200    9.403883731041e-43    1.612032629914e-43
  102.300    9.413109233165e-43    1.613608077827e-43
  102.400    9.422334909292e-43    1.615183548860e-43
  102.500    9.431561078032e-43    1.616759088493e-43
  102.600    9.440786511327e-43    1.618334521431e-43
  102.700    9.450012569532e-43    1.619910041858e-43
  102.800    9.459238518980e-43    1.621485545048e-43
  102.900    9.468464224844e-43    1.623061011759e-43
  103.000    9.477689997068e-43    1.624636486234e-43
  103.100    9.486915698645e-43    1.626211948919e-43
  103.200    9.496141776504e-43    1.627787463608e-43
  103.300    9.505367162182e-43    1.629362877795e-43
  103.400    9.514592941535e-43    1.630938346472e-43
  103.500    9.523819048074e-43    1.632513860149e-43
  103.600    9.533044555517e-43    1.634089286617e-43
  103.700    9.542270381467e-43    1.635664756850e-43
  103.800    9.551496209739e-43    1.637240225720e-43
  103.900    9.560722214757e-43    1.638815718122e-43
  104.000    9.569947665172e-43    1.640391129676e-43
  104.100    9.579173625272e-43    1.641966612285e-43
  104.200    9.588399109193e-43    1.643542025243e-43
  104.300    9.597625010462e-43    1.645117496081e-43
  104.400    9.606850718757e-43    1.646692937691e-43
  104.500    9.616076593756e-43    1.648268401410e-43
  104.600    9.625302034618e-43    1.649843801486e-43
  104.700    9.634527701199e-43    1.651419232098e-43
  104.800    9.643753829156e-43    1.652994726879e-43
  104.900    9.652979505883e-43    1.654570155583e-43
  105.000    9.662204893923e-43    1.656145541410e-43
  105.100    9.671430751702e-43    1.657720992605e-43
  105.200    9.680656479805e-43    1.659296423620e-43
  105.300    9.689881844331e-43    1.660871801076e-43
  105.400    9.699107969695e-43    1.662447285447e-43
  105.500    9.708333639145e-43    1.664022703085e-43
  105.600    9.717559486624e-43    1.665598144464e-43
  105.700    9.726784781066e-43    1.667173505253e-43
  105.800    9.736010635355e-43    1.668748944278e-43
  105.900    9.745236528097e-43    1.670324387128e-43
  106.000    9.754461778190e-43    1.671899736607e-43
  106.100    9.763687510712e-43    1.673475153275e-43
  106.200    9.772913165945e-43    1.675050557257e-43
  106.300    9.782138962705e-43    1.676625979782e-43
  106.400    9.791364374359e-43    1.678201345696e-43
  106.500    9.800590104290e-43    1.679776755380e-43
  106.600    9.809816059615e-43    1.681352195578e-43
  106.700    9.819041309156e-43    1.682927533408e-43
  106.800    9.828267311926e-43    1.684502977081e-43
  106.900    9.837492613416e-43    1.686078319034e-43
  107.000    9.846718072036e-43    1.687653681766e-43
  107.100    9.855944060652e-43    1.689229118487e-43
  107.200    9.865169405698e-43    1.690804461729e-43
  107.300    9.874395122042e-43    1.692379856317e-43
  107.400    9.883620830003e-43    1.693955248071e-43
  107.500    9.892846470438e-43    1.695530628553e-43
  107.600    9.902072250520e-43    1.697106027328e-43
  107.700    9.911297568112e-43    1.698681358474e-43
  107.800    9.920523233262e-43    1.700256737584e-43
  107.900    9.929748871307e-43    1.701832111196e-43
  108.000    9.938974123522e-43    1.703407428125e-43
  108.100    9.948200103558e-43    1.704982847282e-43
  108.200    9.957425511043e-43    1.706558183114e-43
  108.300    9.966651139952e-43    1.708133548919e-43
  108.400    9.975876491434e-43    1.709708873515e-43
  108.500    9.985101987998e-43    1.711284217192e-43
  108.600    9.994327878270e-43    1.712859615427e-43
  108.700    1.000355312168e-42    1.714434919745e-43
  108.800    1.001277863351e-42    1.716010260749e-43
  108.900    1.002200438097e-42    1.717585633757e-43
  109.000    1.003122980362e-42    1.719160958807e-43
  109.100    1.004045525780e-42    1.720736286743e-43
  109.200    1.004968115346e-42    1.722311676063e-43
  109.300    1.005890657082e-42    1.723886995527e-43
  109.400    1.006813172766e-42    1.725462276212e-43
  109.500    1.007735763080e-42    1.727037661776e-43
  109.600    1.008658312417e-42    1.728612987268e-43
  109.700    1.009580839717e-42    1.730188279716e-43
  109.800    1.010503410535e-42    1.731763632653e-43
  109.900    1.011425943959e-42    1.733338930637e-43
  110.000    1.012348512731e-42    1.734914277457e-43
  110.100    1.013271045959e-42    1.736489571965e-43
  110.200    1.014193576286e-42    1.738064860741e-43
  110.300    1.015116151124e-42    1.739640211427e-43
  110.400    1.016038662835e-42    1.741215470456e-43
  110.500    1.016961227617e-42    1.742790803612e-43
  110.600    1.017883781540e-42    1.744366119685e-43
  110.700    1.018806327959e-42    1.745941423463e-43
  110.800    1.019728846387e-42    1.747516685721e-43
  110.900    1.020651435864e-42    1.749092047758e-43
  111.000    1.021573986876e-42    1.750667353333e-43
  111.100    1.022496508302e-42    1.752242615117e-43
  111.200    1.023419060308e-42    1.753817918947e-43
  111.300    1.024341583349e-42    1.755393179872e-43
  111.400    1.025264145495e-42    1.756968495011e-43
  111.500    1.026186664924e-42    1.758543747631e-43
  111.600    1.027109237533e-42    1.760119074544e-43
  111.700    1.028031751722e-42    1.761694316539e-43
  111.800    1.028954296184e-42    1.763269600150e-43
  111.900    1.029876852883e-42    1.764844899646e-43
  112.000    1.030799387438e-42    1.766420165984e-43
  112.100    1.031721911963e-42    1.767995416444e-43
  112.200    1.032644442535e-42    1.769570673963e-43
  112.300    1.033567036099e-42    1.771146019781e-43
  112.400    1.034489506784e-42    1.772721188737e-43
  112.500    1.035412075342e-42    1.774296495755e-43
  112.600    1.036334605493e-42    1.775871746421e-43
  112.700    1.037257173241e-42    1.777447049161e-43
  112.800    1.038179702492e-42    1.779022295425e-43
  112.900    1.039102213666e-42    1.780597514345e-43
  113.000    1.040024753284e-42    1.782172772287e-43
  113.100    1.040947294883e-42    1.783748031499e-43
  113.200    1.041869854373e-42    1.785323314679e-43
  113.300    1.042792391243e-42    1.786898564041e-43
  113.400    1.043714896646e-42    1.788473766964e-43
  113.500    1.044637428862e-42    1.790049006588e-43
  113.600    1.045559986213e-42    1.791624280519e-43
  113.700    1.046482513796e-42    1.793199510441e-43
  113.800    1.047405019582e-42    1.794774707726e-43
  113.900    1.048327581127e-42    1.796349983005e-43
  114.000    1.049250109437e-42    1.797925209334e-43
  114.100    1.050172626130e-42    1.799500417552e-43
  114.200    1.051095161879e-42    1.801075651412e-43
  114.300    1.052017681587e-42    1.802650860853e-43
  114.400    1.052940226212e-42    1.804226104302e-43
  114.500    1.053862756002e-42    1.805801325052e-43
  114.600    1.054785319780e-42    1.807376592751e-43
  114.700    1.055707842216e-42    1.808951799946e-43
  114.800    1.056630321023e-42    1.810526943378e-43
  114.900    1.057552886682e-42    1.812102209165e-43
  115.000    1.058475425454e-42    1.813677435073e-43
  115.100    1.059397912372e-42    1.815252585490e-43
  115.200    1.060320443553e-42    1.816827797518e-43
  115.300    1.061242995083e-42    1.818403037045e-43
  115.400    1.062165508743e-42    1.819978221034e-43
  115.500    1.063088034885e-42    1.821553421304e-43
  115.600    1.064010571314e-42    1.823128634727e-43
  115.700    1.064933094703e-42    1.824703828030e-43
  115.800    1.065855592795e-42    1.826278983736e-43
  115.900    1.066778122681e-42    1.827854183273e-43
  116.000    1.067700677376e-42    1.829429416679e-43
  116.100    1.068623188309e-42    1.831004586155e-43
  116.200    1.069545695031e-42    1.832579748111e-43
  116.300    1.070468238105e-42    1.834154960406e-43
  116.400    1.071390750623e-42    1.835730127608e-43
  116.500    1.072313255786e-42    1.837305282811e-43
  116.600    1.073235814037e-42    1.838880512226e-43
  116.700    1.074158330636e-42    1.840455680727e-43
  116.800    1.075080836810e-42    1.842030832856e-43
  116.900    1.076003352517e-42    1.843605997077e-43
  117.000    1.076925888903e-42    1.845181189288e-43
  117.100    1.077848394079e-42    1.846756335488e-43
  117.200    1.078770894609e-42    1.848331473561e-43
  117.300    1.079693441851e-42    1.849906676757e-43
  117.400    1.080615944612e-42    1.851481815019e-43
  117.500    1.081538451598e-42    1.853056957808e-43
  117.600    1.082460983757e-42    1.854632135006e-43
  117.700    1.083383507628e-42    1.856207298890e-43
  117.800    1.084305992130e-42    1.857782405136e-43
  117.900    1.085228550506e-42    1.859357615248e-43
  118.000    1.086151046182e-42    1.860932734449e-43
  118.100    1.087073572922e-42    1.862507896465e-43
  118.200    1.087996059711e-42    1.864083000018e-43
  118.300    1.088918610477e-42    1.865658193326e-43
  118.400    1.089841135952e-42    1.867233349081e-43
  118.500    1.090763608524e-42    1.868808427906e-43
  118.600    1.091686118982e-42    1.870383559281e-43
  118.700    1.092608649038e-42    1.871958717124e-43
  118.800    1.093531156037e-42    1.873533840606e-43
  118.900    1.094453657188e-42    1.875108954270e-43
  119.000    1.095376201093e-42    1.876684127429e-43
  119.100    1.096298723830e-42    1.878259268924e-43
  119.200    1.097221190205e-42    1.879834328569e-43
  119.300    1.098143736152e-42    1.881409500216e-43
  119.400    1.099066237964e-42    1.882984607452e-43
  119.500    1.099988711656e-42    1.884559673118e-43
  119.600    1.100911225315e-42    1.886134794307e-43
  119.700    1.101833754248e-42    1.887709935813e-43
  119.800    1.102756264879e-42    1.889285049750e-43
  119.900    1.103678770009e-42    1.890860154378e-43
  120.000    1.104601269591e-42    1.892435249630e-43
  120.100    1.105523805999e-42    1.894010395932e-43
  120.200    1.106446288125e-42    1.895585463368e-43
  120.300    1.107368806707e-42    1.897160581329e-43
  120.400    1.108291284613e-42    1.898735639825e-43
  120.500    1.109213792632e-42    1.900310739806e-43
  120.600    1.110136314471e-42    1.901885858036e-43
  120.700    1.111058830635e-42    1.903460966717e-43
  120.800    1.111981344460e-42    1.905036070609e-43
  120.900    1.112903820153e-42    1.906611118673e-43
  121.000    1.113826325053e-42    1.908186206932e-43
  121.100    1.114748851600e-42    1.909761324608e-43
  121.200    1.115671313024e-42    1.911336347973e-43
  121.300    1.116593831350e-42    1.912911451027e-43
  121.400    1.117516354066e-42    1.914486558895e-43
  121.500    1.118438854369e-42    1.916061633356e-43
  121.600    1.119361355860e-42    1.917636708067e-43
  121.700    1.120283840671e-42    1.919211757550e-43
  121.800    1.121206332755e-42    1.920786815961e-43
  121.900    1.122128834739e-42    1.922361887047e-43
  122.000    1.123051352191e-42    1.923936978748e-43
  122.100    1.123973830189e-42    1.925512012754e-43
  122.200    1.124896324461e-42    1.927087068528e-43
  122.300    1.125818820109e-42    1.928662124825e-43
  122.400    1.126741343757e-42    1.930237219611e-43
  122.500    1.127663840478e-42    1.931812274570e-43
  122.600    1.128586345036e-42    1.933387339269e-43
  122.700    1.129508828726e-42    1.934962372783e-43
  122.800    1.130431312060e-42    1.936537404357e-43
  122.900    1.131353799351e-42    1.938112440144e-43
  123.000    1.132276302760e-42    1.939687497486e-43
  123.100    1.133198835884e-42    1.941262595766e-43
  123.200    1.134121288503e-42    1.942837577836e-43
  123.300    1.135043777175e-42    1.944412609886e-43
  123.400    1.135966311809e-42    1.945987706045e-43
  123.500    1.136888818314e-42    1.947562760673e-43
  123.600    1.137811250970e-42    1.949137708590e-43
  123.700    1.138733765169e-42    1.950712771348e-43
  123.800    1.139656262296e-42    1.952287808345e-43
  123.900    1.140578741173e-42    1.953862817905e-43
  124.000    1.141501260995e-42    1.955437884423e-43
  124.100    1.142423754708e-42    1.957012912302e-43
  124.200    1.143346200492e-42    1.958587870434e-43
  124.300    1.144268705388e-42    1.960162911429e-43
  124.400    1.145191196647e-42    1.961737931569e-43
  124.500    1.146113714738e-42    1.963312988554e-43
  124.600    1.147036194726e-42    1.964887989803e-43
  124.700    1.147958699096e-42    1.966463024406e-43
  124.800    1.148881169013e-42    1.968038008481e-43
  124.900    1.149803656694e-42    1.969613016476e-43
  125.000    1.150726136526e-42    1.971188011874e-43
  125.100    1.151648647767e-42    1.972763050648e-43
  125.200    1.152571103637e-42    1.974338009078e-43
  125.300    1.153493586300e-42    1.975913004304e-43
  125.400    1.154416125784e-42    1.977488079135e-43
  125.500    1.155338630021e-42    1.979063102316e-43
  125.600    1.156261027799e-42    1.980637972327e-43
  125.700    1.157183533184e-42    1.982212994349e-43
  125.800    1.158106028474e-42    1.983788000582e-43
  125.900    1.159028510653e-42    1.985362986729e-43
  126.000    1.159950990909e-42    1.986937968739e-43
  126.100    1.160873485382e-42    1.988512969625e-43
  126.200    1.161795974363e-42    1.990087961289e-43
  126.300    1.162718454132e-42    1.991662938429e-43
  126.400    1.163640895959e-42    1.993237860090e-43
  126.500    1.164563451498e-42    1.994812942469e-43
  126.600    1.165485889908e-42    1.996387856483e-43
  126.700    1.166408385380e-42    1.997962850455e-43
  126.800    1.167330893592e-42    1.999537861205e-43
  126.900    1.168253355378e-42    2.001112804387e-43
  127.000    1.169175809850e-42    2.002687735759e-43
  127.100    1.170098322297e-42    2.004262748395e-43
  127.200    1.171020818941e-42    2.005837737123e-43
  127.300    1.171943261346e-42    2.007412647150e-43
  127.400    1.172865758906e-42    2.008987634423e-43
  127.500    1.173788187186e-42    2.010562521561e-43
  127.600    1.174710671663e-42    2.012137487430e-43
  127.700    1.175633204858e-42    2.013712521371e-43
  127.800    1.176555634830e-42    2.015287406793e-43
  127.900    1.177478119116e-42    2.016862368265e-43
  128.000    1.178400554052e-42    2.018437258019e-43
  128.100    1.179323061508e-42    2.020012249775e-43
  128.200    1.180245571557e-42    2.021587243859e-43
  128.300    1.181168090403e-42    2.023162249111e-43
  128.400    1.182090502960e-42    2.024737101486e-43
  128.500    1.183012965052e-42    2.026312023104e-43
  128.600    1.183935454833e-42    2.027886982824e-43
  128.700    1.184857916815e-42    2.029461901555e-43
  128.800    1.185780373668e-42    2.031036811610e-43
  128.900    1.186702883807e-42    2.032611796257e-43
  129.000    1.187625339813e-42    2.034186702382e-43
  129.100    1.188547769517e-42    2.035761569653e-43
  129.200    1.189470292919e-42    2.037336569123e-43
  129.300    1.190392730289e-42    2.038911444605e-43
  129.400    1.191315283254e-42    2.040486483496e-43
  129.500    1.192237701711e-42    2.042061329306e-43
  129.600    1.193160153386e-42    2.043636221108e-43
  129.700    1.194082675184e-42    2.045211211508e-43
  129.800    1.195005127078e-42    2.046786100914e-43
  129.900    1.195927558449e-42    2.048360959717e-43
  130.000    1.196850068294e-42    2.049935929022e-43
  130.100    1.197772506173e-42    2.051510794398e-43
  130.200    1.198694965760e-42    2.053085689368e-43
  130.300    1.199617485554e-42    2.054660668805e-43
  130.400    1.200539907557e-42    2.056235507511e-43
  130.500    1.201462404242e-42    2.057810451316e-43
  130.600    1.202384923158e-42    2.059385425461e-43
  130.700    1.203307332099e-42    2.060960241514e-43
  130.800    1.204229754454e-42    2.062535075344e-43
  130.900    1.205152270121e-42    2.064110040829e-43
  131.000    1.206074674707e-42    2.065684846651e-43
  131.100    1.206997234244e-42    2.067259871983e-43
  131.200    1.207919645129e-42    2.068834684104e-43
  131.300    1.208842108591e-42    2.070409569824e-43
  131.400    1.209764579466e-42    2.071984464773e-43
  131.500    1.210687039080e-42    2.073559342335e-43
  131.600    1.211609480297e-42    2.075134192344e-43
  131.700    1.212531989418e-42    2.076709137798e-43
  131.800    1.213454408173e-42    2.078283953127e-43
  131.900    1.214376899178e-42    2.079858870097e-43
  132.000    1.215299414178e-42    2.081433819935e-43
  132.100    1.216221807633e-42    2.083008595212e-43
  132.200    1.217144273140e-42    2.084583471852e-43
  132.300    1.218066778667e-42    2.086158404201e-43
  132.400    1.218989179987e-42    2.087733186707e-43
  132.500    1.219911592865e-42    2.089307984360e-43
  132.600    1.220834151796e-42    2.090882988842e-43
  132.700    1.221756570526e-42    2.092457792187e-43
  132.800    1.222679002612e-42    2.094032613245e-43
  132.900    1.223601474568e-42    2.095607489802e-43
  133.000    1.224523965313e-42    2.097182391817e-43
  133.100    1.225446455702e-42    2.098757292004e-43
  133.200    1.226368846882e-42    2.100332049484e-43
  133.300    1.227291301452e-42    2.101906895986e-43
  133.400    1.228213771771e-42    2.103481763617e-43
  133.500    1.229136243114e-42    2.105056631392e-43
  133.600    1.230058651459e-42    2.106631408070e-43
  133.700    1.230981195007e-42    2.108206376117e-43
  133.800    1.231903562149e-42    2.109781091450e-43
  133.900    1.232826030440e-42    2.111355949621e-43
  134.000    1.233748497234e-42    2.112930804348e-43
  134.100    1.234670988302e-42    2.114505692358e-43
  134.200    1.235593376774e-42    2.116080432849e-43
  134.300    1.236515925688e-42    2.117655400679e-43
  134.400    1.237438348478e-42    2.119230187461e-43
  134.500    1.238360713253e-42    2.120804890262e-43
  134.600    1.239283262119e-42    2.122379854105e-43
  134.700    1.240205665269e-42    2.123954608985e-43
  134.800    1.241128159971e-42    2.125529493031e-43
  134.900    1.242050607794e-42    2.127104308967e-43
  135.000    1.242973004620e-42    2.128679050931e-43
  135.100    1.243895496925e-42    2.130253927657e-43
  135.200    1.244817965589e-42    2.131828769393e-43
  135.300    1.245740371313e-42    2.133403520139e-43
  135.400    1.246662904421e-42    2.134978451116e-43
  135.500    1.247585266832e-42    2.136553137545e-43
  135.600    1.248507718667e-42    2.138127950113e-43
  135.700    1.249430194535e-42    2.139702795634e-43
  135.800    1.250352616946e-42    2.141277563683e-43
  135.900    1.251275078717e-42    2.142852386530e-43
  136.000    1.252197556789e-42    2.144427231313e-43
  136.100    1.253119959529e-42    2.146001967458e-43
  136.200    1.254042410032e-42    2.147576770375e-43
  136.300    1.254964857408e-42    2.149151567547e-43
  136.400    1.255887259777e-42    2.150726299297e-43
  136.500    1.256809799523e-42    2.152301225520e-43
  136.600    1.257732192317e-42    2.153875941055e-43
  136.700    1.258654642304e-42    2.155450736803e-43
  136.800    1.259577149711e-42    2.157025613088e-43
  136.900    1.260499525906e-42    2.158600301118e-43
  137.000    1.261421978942e-42    2.160175097361e-43
  137.100    1.262344454374e-42    2.161749924236e-43
  137.200    1.263266884880e-42    2.163324685814e-43
  137.300    1.264189304915e-42    2.164899431192e-43
  137.400    1.265111730509e-42    2.166474183214e-43
  137.500    1.266034172713e-42    2.168048957625e-43
  137.600    1.266956617066e-42    2.169623733822e-43
  137.700    1.267879071843e-42    2.171198523598e-43
  137.800    1.268801513128e-42    2.172773292874e-43
  137.900    1.269723932969e-42    2.174348030320e-43
  138.000    1.270646387099e-42    2.175922815352e-43
  138.100    1.271568837865e-42    2.177497594319e-43
  138.200    1.272491338609e-42    2.179072443227e-43
  138.300    1.273413739325e-42    2.180647148337e-43
  138.400    1.274336178461e-42    2.182221906922e-43
  138.500    1.275258618483e-42    2.183796665502e-43
  138.600    1.276181029324e-42    2.185371381234e-43
  138.700    1.277103436368e-42    2.186946090290e-43
  138.800    1.278025899121e-42    2.188520877460e-43
  138.900    1.278948353620e-42    2.190095651603e-43
  139.000    1.279870727529e-42    2.191670309654e-43
  139.100    1.280793262992e-42    2.193245196632e-43
  139.200    1.281715636273e-42    2.194819851264e-43
  139.300    1.282638069933e-42    2.196394590665e-43
  139.400    1.283560521870e-42    2.197969354848e-43
  139.500    1.284482972299e-42    2.199544115624e-43
  139.600    1.285405402541e-42    2.201118846379e-43
  139.700    1.286327807714e-42    2.202693540157e-43
  139.800    1.287250278795e-42    2.204268326586e-43
  139.900    1.288172669649e-42    2.205842997452e-43
  140.000    1.289095128530e-42    2.207417763988e-43
  140.100    1.290017556864e-42    2.208992485745e-43
  140.200    1.290940037706e-42    2.210567281064e-43
  140.300    1.291862431752e-42    2.212141951465e-43
  140.400    1.292784806530e-42    2.213716593164e-43
  140.500    1.293707310478e-42    2.215291417649e-43
  140.600    1.294629732979e-42    2.216866124842e-43
  140.700    1.295552142626e-42    2.218440812473e-43
  140.800    1.296474586526e-42    2.220015547659e-43
  140.900    1.297396998443e-42    2.221590236029e-43
  141.000    1.298319419662e-42    2.223164936408e-43
  141.100    1.299241872167e-42    2.224739680116e-43
  141.200    1.300164300520e-42    2.226314388170e-43
  141.300    1.301086688608e-42    2.227889037615e-43
  141.400    1.302009142686e-42    2.229463779835e-43
  141.500    1.302931587453e-42    2.231038507548e-43
  141.600    1.303853988506e-42    2.232613171741e-43
  141.700    1.304776469617e-42    2.234187948753e-43
  141.800    1.305698868245e-42    2.235762607013e-43
  141.900    1.306621344648e-42    2.237337374840e-43
  142.000    1.307543761133e-42    2.238912056066e-43
  142.100    1.308466079992e-42    2.240486596971e-43
  142.200    1.309388588121e-42    2.242061406288e-43
  142.300    1.310310955713e-42    2.243636014153e-43
  142.400    1.311233377336e-42    2.245210697760e-43
  142.500    1.312155842241e-42    2.246785441797e-43
  142.600    1.313078251849e-42    2.248360105823e-43
  142.700    1.314000678720e-42    2.249934793212e-43
  142.800    1.314923130247e-42    2.251509514497e-43
  142.900    1.315845525159e-42    2.253084153896e-43
  143.000    1.316767952794e-42    2.254658838687e-43
  143.100    1.317690400877e-42    2.256233551379e-43
  143.200    1.318612766730e-42    2.257808145698e-43
  143.300    1.319535188101e-42    2.259382817885e-43
  143.400    1.320457664384e-42    2.260957567075e-43
  143.500    1.321380030675e-42    2.262532158346e-43
  143.600    1.322302469029e-42    2.264106851053e-43
  143.700    1.323224877495e-42    2.265681499962e-43
  143.800    1.324147308875e-42    2.267256180291e-43
  143.900    1.325069768515e-42    2.268830899659e-43
  144.000    1.325992189001e-42    2.270405562029e-43
  144.100    1.326914584168e-42    2.271980187110e-43
  144.200    1.327837024957e-42    2.273554875966e-43
  144.300    1.328759434501e-42    2.275129519094e-43
  144.400    1.329681851183e-42    2.276704171174e-43
  144.500    1.330604294746e-42    2.278278860331e-43
  144.600    1.331526670370e-42    2.279853451492e-43
  144.700    1.332449102427e-42    2.281428121830e-43
  144.800    1.333371513613e-42    2.283002761224e-43
  144.900    1.334293924097e-42    2.284577398406e-43
  145.000    1.335216317720e-42    2.286152010357e-43
  145.100    1.336138797205e-42    2.287726743411e-43
  145.200    1.337061125111e-42    2.289301259326e-43
  145.300    1.337983529357e-42    2.290875882782e-43
  145.400    1.338906027686e-42    2.292450639052e-43
  145.500    1.339828400467e-42    2.294025215271e-43
  145.600    1.340750890404e-42    2.295599957171e-43
  145.700    1.341673234372e-42    2.297174489934e-43
  145.800    1.342595615558e-42    2.298749074509e-43
  145.900    1.343518131814e-42    2.300323850286e-43
  146.000    1.344440476864e-42    2.301898380979e-43
  146.100    1.345362896632e-42    2.303473016906e-43
  146.200    1.346285326834e-42    2.305047666492e-43
  146.300    1.347207730113e-42    2.306622276528e-43
  146.400    1.348130106415e-42    2.308196846937e-43
  146.500    1.349052577049e-42    2.309771550519e-43
  146.600    1.349974918957e-42    2.311346069538e-43
  146.700    1.350897342798e-42    2.312920704069e-43
  146.800    1.351819771688e-42    2.314495344595e-43
  146.900    1.352742180704e-42    2.316069955617e-43
  147.000    1.353664569491e-42    2.317644536629e-43
  147.100    1.354587010369e-42    2.319219190648e-43
  147.200    1.355509363329e-42    2.320793718239e-43
  147.300    1.356431837539e-42    2.322368417351e-43
  147.400    1.357354229382e-42    2.323942997944e-43
  147.500    1.358276630844e-42    2.325517591050e-43
  147.600    1.359199071759e-42    2.327092239161e-43
  147.700    1.360121455623e-42    2.328666804821e-43
  147.800    1.361043826930e-42    2.330241351405e-43
  147.900    1.361966271320e-42    2.331816000902e-43
  148.000    1.362888629024e-42    2.333390525736e-43
  148.100    1.363811059326e-42    2.334965152794e-43
  148.200    1.364733532268e-42    2.336539839399e-43
  148.300    1.365655837518e-42    2.338114285965e-43
  148.400    1.366578224908e-42    2.339688848346e-43
  148.500    1.367500709402e-42    2.341263547855e-43
  148.600    1.368423116904e-42    2.342838136517e-43
  148.700    1.369345428062e-42    2.344412586770e-43
  148.800    1.370267900213e-42    2.345987265156e-43
  148.900    1.371190257542e-42    2.347561778813e-43
  149.000    1.372112743343e-42    2.349136474279e-43
  149.100    1.373035160190e-42    2.350711070355e-43
  149.200    1.373957513707e-42    2.352285575049e-43
  149.300    1.374879908857e-42    2.353860137865e-43
  149.400    1.375802299684e-42    2.355434693351e-43
  149.500    1.376724721192e-42    2.357009291359e-43
  149.600    1.377647149510e-42    2.358583897894e-43
  149.700    1.378569511151e-42    2.360158408286e-43
  149.800    1.379491916275e-42    2.361732979439e-43
  149.900    1.380414331549e-42    2.363307563878e-43
  150.000    1.381336700960e-42    2.364882081821e-43
  150.100    1.382259105302e-42    2.366456648349e-43
  150.200    1.383181545856e-42    2.368031265282e-43
  150.300    1.384103877616e-42    2.369605726093e-43
  150.400    1.385026270770e-42    2.371180273178e-43
  150.500    1.385948729658e-42    2.372754912720e-43
  150.600    1.386871063603e-42    2.374329373143e-43
  150.700    1.387793462253e-42    2.375903924558e-43
  150.800    1.388715937699e-42    2.377478584184e-43
  150.900    1.389638295751e-42    2.379053075448e-43
  151.000    1.390560711825e-42    2.380627648188e-43
  151.100    1.391483134391e-42    2.382202229010e-43
  151.200    1.392405445091e-42    2.383776649347e-43
  151.300    1.393327884170e-42    2.385351251364e-43
  151.400    1.394250301451e-42    2.386925821177e-43
  151.500    1.395172618978e-42    2.388500247756e-43
  151.600    1.396095107389e-42    2.390074916556e-43
  151.700    1.397017442639e-42    2.391649366061e-43
  151.800    1.397939818119e-42    2.393223871708e-43
  151.900    1.398862269142e-42    2.394798483785e-43
  152.000    1.399784679962e-42    2.396373037451e-43
  152.100    1.400706983126e-42    2.397947436637e-43
  152.200    1.401629474674e-42    2.399522102964e-43
  152.300    1.402551789294e-42    2.401096516160e-43
  152.400    1.403474133238e-42    2.402670969967e-43
  152.500    1.404396604669e-42    2.404245604187e-43
  152.600    1.405318970555e-42    2.405820086940e-43
  152.700    1.406241442876e-42    2.407394720124e-43
  152.800    1.407163765393e-42    2.408969138812e-43
  152.900    1.408086143862e-42    2.410543636037e-43
  153.000    1.409008601660e-42    2.412118245092e-43
  153.100    1.409930948582e-42    2.413692695093e-43
  153.200    1.410853289453e-42    2.415267135332e-43
  153.300    1.411775763533e-42    2.416841764134e-43
  153.400    1.412698128133e-42    2.418416235874e-43
  153.500    1.413620499328e-42    2.419990715864e-43
  153.600    1.414542897561e-42    2.421565233215e-43
  153.700    1.415465255172e-42    2.423139691573e-43
  153.800    1.416387618139e-42    2.424714156417e-43
  153.900    1.417310076660e-42    2.426288756199e-43
  154.000    1.418232424518e-42    2.427863197243e-43
  154.100    1.419154825961e-42    2.429437713460e-43
  154.200    1.420077241611e-42    2.431012248768e-43
  154.300    1.420999592365e-42    2.432586690521e-43
  154.400    1.421921960803e-42    2.434161156319e-43
  154.500    1.422844366344e-42    2.435735673819e-43
  154.600    1.423766734170e-42    2.437310136473e-43
  154.700    1.424689175010e-42    2.438884701970e-43
  154.800    1.425611487166e-42    2.440459083075e-43
  154.900    1.426533865689e-42    2.442033557560e-43
  155.000    1.427456286283e-42    2.443608090822e-43
  155.100    1.428378668925e-42    2.445182568905e-43
  155.200    1.429301041572e-42    2.446757031623e-43
  155.300    1.430223431203e-42    2.448331517397e-43
  155.400    1.431145832093e-42    2.449906018073e-43
  155.500    1.432068174029e-42    2.451480433666e-43
  155.600    1.432990565672e-42    2.453054918917e-43
  155.700    1.433912987608e-42    2.454629446177e-43
  155.800    1.434835300579e-42    2.456203817140e-43
  155.900    1.435757724183e-42    2.457778344520e-43
  156.000    1.436680097606e-42    2.459352799315e-43
  156.100    1.437602477085e-42    2.460927261610e-43
  156.200    1.438524867491e-42    2.462501738339e-43
  156.300    1.439447191020e-42    2.464076118712e-43
  156.400    1.440369609942e-42    2.465650633803e-43
  156.500    1.441291981311e-42    2.467225080054e-43
  156.600    1.442214377878e-42    2.468799561066e-43
  156.700    1.443136779007e-42    2.470374047453e-43
  156.800    1.444059157795e-42    2.471948500906e-43
  156.900    1.444981527214e-42    2.473522939899e-43
  157.000    1.445903947928e-42    2.475097450816e-43
  157.100    1.446826258016e-42    2.476671803087e-43
  157.200    1.447748635164e-42    2.478246249731e-43
  157.300    1.448671009141e-42    2.479820690742e-43
  157.400    1.449593386478e-42    2.481395135423e-43
  157.500    1.450515738056e-42    2.482969542310e-43
  157.600    1.451438126482e-42    2.484544000551e-43
  157.700    1.452360473147e-42    2.486118398212e-43
  157.800    1.453282845483e-42    2.487692831316e-43
  157.900    1.454205263983e-42    2.489267329042e-43
  158.000    1.455127629677e-42    2.490841750462e-43
  158.100    1.456050010658e-42    2.492416192540e-43
  158.200    1.456972369031e-42    2.493990601315e-43
  158.300    1.457894768947e-42    2.495565068134e-43
  158.400    1.458817142307e-42    2.497139496031e-43
  158.500    1.459739536922e-42    2.498713953085e-43
  158.600    1.460661842020e-42    2.500288281567e-43
  158.700    1.461584277331e-42    2.501862794353e-43
  158.800    1.462506596692e-42    2.503437140932e-43
  158.900    1.463428938717e-42    2.505011518677e-43
  159.000    1.464351391822e-42    2.506586053483e-43
  159.100    1.465273718617e-42    2.508160407334e-43
  159.200    1.466196047209e-42    2.509734762639e-43
  159.300    1.467118476497e-42    2.511309260222e-43
  159.400    1.468040799011e-42    2.512883604669e-43
  159.500    1.468963154137e-42    2.514457994451e-43
  159.600    1.469885631403e-42    2.516032557043e-43
  159.700    1.470807912119e-42    2.517606838674e-43
  159.800    1.471730369533e-42    2.519181370800e-43
  159.900    1.472652698679e-42    2.520755719191e-43
  160.000    1.473575016508e-42    2.522330050370e-43
  160.100    1.474497464103e-42    2.523904565221e-43
  160.200    1.475419765747e-42    2.525478871162e-43
  160.300    1.476342129674e-42    2.527053264690e-43
  160.400    1.477264563816e-42    2.528627757096e-43
  160.500    1.478186882048e-42    2.530202083372e-43
  160.600    1.479109239776e-42    2.531776464790e-43
  160.700    1.480031651966e-42    2.533350922659e-43
  160.800    1.480953958855e-42    2.534925229506e-43
  160.900    1.481876362791e-42    2.536499673437e-43
  161.000    1.482798740443e-42    2.538074078854e-43
  161.100    1.483721058147e-42    2.539648397828e-43
  161.200    1.484643377533e-42    2.541222718105e-43
  161.300    1.485565822766e-42    2.542797216475e-43
  161.400    1.486488216540e-42    2.544371640489e-43
  161.500    1.487410578961e-42    2.545946018776e-43
  161.600    1.488332929159e-42    2.547520378572e-43
  161.700    1.489255208514e-42    2.549094636415e-43
  161.800    1.490177658280e-42    2.550669135803e-43
  161.900    1.491099961404e-42    2.552243425319e-43
  162.000    1.492022318463e-42    2.553817790544e-43
  162.100    1.492944713598e-42    2.555392208895e-43
  162.200    1.493867043489e-42    2.556966533271e-43
  162.300    1.494789371521e-42    2.558540853918e-43
  162.400    1.495711810469e-42    2.560115331401e-43
  162.500    1.496634156268e-42    2.561689675180e-43
  162.600    1.497556473048e-42    2.563263976565e-43
  162.700    1.498478892702e-42    2.564838423336e-43
  162.800    1.499401248756e-42    2.566412778478e-43
  162.900    1.500323537104e-42    2.567987036146e-43
  163.000    1.501245964737e-42    2.569561491041e-43
  163.100    1.502168291750e-42    2.571135801604e-43
  163.200    1.503090666776e-42    2.572710179446e-43
  163.300    1.504013011241e-42    2.574284512704e-43
  163.400    1.504935398864e-42    2.575858906331e-43
  163.500    1.505857770380e-42    2.577433275952e-43
  163.600    1.506780106495e-42    2.579007594098e-43
  163.700    1.507702432850e-42    2.580581897275e-43
  163.800    1.508624827404e-42    2.582156296476e-43
  163.900    1.509547175410e-42    2.583730628333e-43
  164.000    1.510469508805e-42    2.585304938319e-43
  164.100    1.511391887669e-42    2.586879311967e-43
  164.200    1.512314238116e-42    2.588453644091e-43
  164.300    1.513236609924e-42    2.590028005554e-43
  164.400    1.514158972399e-42    2.591602352663e-43
  164.500    1.515081262391e-42    2.593176595511e-43
  164.600    1.516003641981e-42    2.594750964850e-43
  164.700    1.516926000132e-42    2.596325302600e-43
  164.800    1.517848336974e-42    2.597899608948e-43
  164.900    1.518770685130e-42    2.599473930338e-43
  165.000    1.519693073842e-42    2.601048308401e-43
  165.100    1.520615450182e-42    2.602622667786e-43
  165.200    1.521537810860e-42    2.604197003809e-43
  165.300    1.522460082187e-42    2.605771211567e-43
  165.400    1.523382420438e-42    2.607345513539e-43
  165.500    1.524304838326e-42    2.608919927823e-43
  165.600    1.525227167766e-42    2.610494215129e-43
  165.700    1.526149530249e-42    2.612068548416e-43
  165.800    1.527071920416e-42    2.613642920054e-43
  165.900    1.527994211018e-42    2.615217148892e-43
  166.000    1.528916581948e-42    2.616791491026e-43
  166.100    1.529838933116e-42    2.618365803970e-43
  166.200    1.530761270854e-42    2.619940096737e-43
  166.300    1.531683586720e-42    2.621514357313e-43
  166.400    1.532605990494e-42    2.623088741976e-43
  166.500    1.533528332798e-42    2.624663038078e-43
  166.600    1.534450635994e-42    2.626237277450e-43
  166.700    1.535373014576e-42    2.627811623087e-43
  166.800    1.536295382748e-42    2.629385952852e-43
  166.900    1.537217757813e-42    2.630960291377e-43
  167.000    1.538140095321e-42    2.632534575384e-43
  167.100    1.539062379430e-42    2.634108782323e-43
  167.200    1.539984799433e-42    2.635683181666e-43
  167.300    1.540907114497e-42    2.637257430571e-43
  167.400    1.541829427817e-42    2.638831675944e-43
  167.500    1.542751850450e-42    2.640406075881e-43
  167.600    1.543674121152e-42    2.641980258487e-43
  167.700    1.544596424840e-42    2.643554487005e-43
  167.800    1.545518842403e-42    2.645128876582e-43
  167.900    1.546441139742e-42    2.646703093967e-43
  168.000    1.547363460523e-42    2.648277343679e-43
  168.100    1.548285902523e-42    2.649851764904e-43
  168.200    1.549208177483e-42    2.651425947298e-43
  168.300    1.550130477769e-42    2.653000164701e-43
  168.400    1.551052922457e-42    2.654574586621e-43
  168.500    1.551975216365e-42    2.656148792859e-43
  168.600    1.552897561715e-42    2.657723071282e-43
  168.700    1.553819929257e-42    2.659297380256e-43
  168.800    1.554742279971e-42    2.660871664235e-43
  168.900    1.555664656006e-42    2.662445983216e-43
  169.000    1.556586926440e-42    2.664020150837e-43
  169.100    1.557509225363e-42    2.665594357972e-43
  169.200    1.558431610483e-42    2.667168686770e-43
  169.300    1.559353938244e-42    2.668742932879e-43
  169.400    1.560276258848e-42    2.670317167764e-43
  169.500    1.561198648182e-42    2.671891499449e-43
  169.600    1.562120952155e-42    2.673465708588e-43
  169.700    1.563043312623e-42    2.675039997111e-43
  169.800    1.563965695079e-42    2.676614315898e-43
  169.900    1.564887979886e-42    2.678188494652e-43
  170.000    1.565810315911e-42    2.679762745278e-43
